time (s)	magX	magY	magZ
6619.531851	-16.667446	296.562256	1236.592651
6619.535197	-16.901230	293.113983	1238.813477
6619.538516	-17.251900	289.548828	1241.326660
6619.541846	-17.953243	286.392761	1244.950317
6619.545185	-17.719463	282.769135	1248.340210
6619.548507	-18.420807	279.788422	1249.567505
6619.551845	-18.888371	276.164825	1253.600098
6619.555178	-18.011688	273.534790	1255.645752
6619.558515	-18.070137	269.092926	1258.918701
6619.561846	-18.829922	265.294006	1262.308594
6619.565174	-18.479248	262.196381	1264.470947
6619.568511	-18.654591	258.397430	1266.867310
6619.571844	-19.297485	254.072479	1269.438843
6619.575174	-19.589714	250.916412	1273.413208
6619.578531	-19.531265	246.883698	1276.043213
6619.581844	-19.414375	243.260071	1278.439453
6619.585178	-19.706604	239.461151	1281.127930
6619.588507	-19.297485	235.662186	1283.816528
6619.591839	-19.589714	231.220352	1286.271118
6619.596121	-20.641731	224.148453	1292.174194
6619.599441	-20.758621	219.881958	1294.804077
6619.602770	-21.226185	215.615433	1298.018677
6619.606025	-21.167736	211.874924	1300.531860
6619.609351	-20.817062	208.251328	1302.460571
6619.612682	-22.102859	203.984818	1306.434814
6619.616043	-22.278198	200.419647	1308.597290
6619.619404	-22.278198	196.386917	1310.116943
6619.622296	-22.862656	192.003525	1313.272949
6619.625624	-22.804207	187.795441	1315.961426
6619.628992	-22.687321	183.762726	1319.059082
6619.632263	-23.271774	179.846878	1321.221436
6619.635592	-23.505554	175.463470	1323.208618
6619.638922	-23.447105	171.313858	1325.897095
6619.641833	-23.271774	167.398026	1328.585571
6619.645168	-24.090012	163.423737	1330.046631
6619.648503	-24.265343	159.332565	1333.144287
6619.651854	-24.265343	154.890717	1335.014526
6619.655171	-24.674461	151.091766	1337.527710
6619.658499	-24.499123	146.591476	1339.631836
6619.661836	-25.375809	142.266510	1342.027954
6619.665169	-25.492699	138.759796	1344.658081
6619.668494	-25.960258	134.317947	1346.528320
6619.671830	-25.726479	129.642319	1348.457031
6619.675166	-26.077148	126.018700	1349.918091
6619.678498	-26.252480	122.161308	1352.781982
6619.681866	-25.843369	117.777901	1354.476929
6619.685165	-26.895386	114.212746	1356.989990
6619.688500	-26.778496	109.595551	1359.561646
6619.691831	-26.544716	105.095261	1361.081299
6619.695184	-26.427818	100.244301	1362.191772
6619.698494	-27.246056	95.977791	1365.523071
6619.701827	-26.895386	90.717705	1367.568604
6619.705164	-27.246056	87.094093	1368.796021
6619.708498	-27.479836	82.360023	1369.906494
6619.711827	-27.830513	77.918175	1372.361084
6619.715162	-27.888954	73.125656	1374.172974
6619.718498	-27.246056	68.917587	1375.867920
6619.721827	-27.830513	64.183517	1378.205688
6619.725184	-27.713615	59.566338	1379.725342
6619.728491	-28.064293	55.182930	1381.186401
6619.731821	-28.181183	50.857979	1382.062988
6619.735155	-27.947403	46.357689	1384.459351
6619.738491	-28.356514	41.039154	1384.868408
6619.741823	-28.181183	36.655754	1387.030884
6619.745182	-28.882523	32.330803	1389.076538
6619.748566	-28.239624	27.772062	1390.070068
6619.753091	-29.291641	19.122152	1393.752197
6619.756487	-29.642311	14.680307	1395.096436
6619.759365	-29.350090	10.180012	1395.447144
6619.762738	-29.817650	5.855057	1396.265381
6619.766114	-29.700760	1.004091	1398.369385
6619.769464	-30.343658	-3.320865	1399.771973
6619.772753	-30.168320	-7.879602	1400.181152
6619.776003	-30.635887	-12.321449	1402.109863
6619.779337	-30.752777	-16.938631	1402.168335
6619.782259	-31.044998	-20.912916	1403.570923
6619.785572	-31.512566	-25.588545	1404.564453
6619.788909	-31.103447	-29.445938	1404.739868
6619.792246	-31.687904	-33.829338	1406.025757
6619.795601	-31.804794	-37.394505	1407.194580
6619.798935	-31.512566	-41.485680	1407.662109
6619.801814	-31.863243	-45.518410	1409.123291
6619.805193	-31.687904	-49.784920	1410.233765
6619.808488	-31.746353	-53.700760	1411.578003
6619.811834	-32.272354	-58.201050	1410.876709
6619.815154	-32.564583	-61.298653	1412.513062
6619.818484	-32.447693	-66.091171	1412.279297
6619.821815	-31.921684	-70.007011	1412.805298
6619.825146	-32.389244	-74.273529	1411.928711
6619.828479	-31.921684	-78.014030	1413.915771
6619.831817	-32.272354	-82.280540	1414.383301
6619.835147	-32.623024	-86.079483	1415.026245
6619.838483	-32.213913	-90.462891	1414.734009
6619.841810	-32.681473	-95.138512	1415.844482
6619.845150	-32.038574	-98.703682	1415.669189
6619.848503	-31.921684	-101.801292	1416.312012
6619.851817	-32.155464	-106.184685	1416.896484
6619.855151	-31.921684	-110.042084	1416.838135
6619.858476	-32.330803	-114.074806	1416.896484
6619.861809	-32.272354	-118.224434	1417.013428
6619.865147	-32.564583	-122.140274	1417.948608
6619.868481	-32.739914	-126.114555	1417.422485
6619.871814	-32.681473	-129.971954	1417.773193
6619.875139	-32.973701	-133.244888	1418.649902
6619.878475	-33.733490	-137.628281	1418.065430
6619.881810	-33.558151	-141.836349	1418.007080
6619.885145	-32.973701	-145.050858	1417.305664
6619.888479	-32.973701	-148.732895	1417.714722
6619.891840	-32.856812	-152.707184	1417.364014
6619.895145	-33.207481	-156.272354	1418.007080
6619.898478	-33.382820	-159.779068	1417.305664
6619.901808	-33.207481	-162.993561	1416.779663
6619.905141	-33.675041	-167.026291	1417.539429
6619.908470	-33.265930	-170.357681	1416.896484
6619.911813	-33.616600	-173.805954	1416.312012
6619.916509	-33.499710	-180.527176	1415.026245
6619.919400	-34.025719	-183.624786	1415.376953
6619.922779	-34.493279	-186.430161	1415.026245
6619.925982	-34.317947	-189.761536	1415.143188
6619.929323	-33.791931	-193.326706	1414.266479
6619.932653	-34.084160	-196.424301	1413.506714
6619.936026	-34.376389	-199.405029	1413.857422
6619.939346	-33.850380	-201.859726	1411.987183
6619.942254	-34.493279	-204.957336	1412.220947
6619.945590	-34.493279	-208.171814	1412.220947
6619.948976	-34.493279	-211.269424	1411.461060
6619.952262	-33.967270	-213.548798	1412.513062
6619.955574	-34.259499	-216.880173	1410.292236
6619.958899	-34.376389	-219.685562	1410.526001
6619.961799	-34.610168	-222.374039	1409.415527
6619.965171	-33.791931	-224.770294	1408.655640
6619.968474	-33.733490	-227.634125	1408.655640
6619.971805	-34.317947	-230.731735	1406.551636
6619.975133	-33.382820	-233.303314	1407.194580
6619.978471	-33.616600	-235.933365	1406.201050
6619.981803	-33.265930	-238.329636	1405.616577
6619.985135	-33.382820	-241.836349	1404.681396
6619.988471	-33.324371	-243.589691	1403.980103
6619.991795	-33.090591	-246.862640	1402.752686
6619.995128	-32.856812	-249.200455	1402.694214
6619.998467	-33.265930	-251.129166	1401.408569
6620.001801	-33.675041	-254.226761	1402.168335
6620.005138	-33.791931	-256.798370	1401.759155
6620.008485	-33.090591	-258.493286	1399.479858
6620.011800	-33.265930	-261.298645	1398.544678
6620.015131	-33.265930	-263.636475	1398.544678
6620.018469	-33.090591	-266.032745	1398.369385
6620.021802	-33.032150	-268.545898	1398.077148
6620.025134	-32.681473	-270.883698	1396.674438
6620.028465	-32.739914	-273.221497	1396.031494
6620.031794	-32.506134	-275.325531	1395.037964
6620.035124	-32.506134	-277.604889	1395.330200
6620.038472	-33.265930	-279.884277	1392.583252
6620.041794	-33.441261	-281.696075	1392.174194
6620.045130	-33.207481	-283.917023	1392.758545
6620.048458	-33.324371	-286.897705	1391.239014
6620.051793	-33.149040	-288.534180	1390.011597
6620.055129	-33.090591	-290.229095	1389.368774
6620.058462	-33.441261	-292.216248	1388.784302
6620.061793	-33.032150	-294.144928	1387.849121
6620.065125	-32.564583	-295.430756	1386.446533
6620.068463	-32.564583	-297.534760	1386.505005
6620.071818	-32.506134	-299.288147	1386.914062
6620.076428	-32.038574	-302.093506	1384.108643
6620.079308	-32.155464	-304.022217	1383.641113
6620.082657	-32.623024	-305.132660	1383.115112
6620.086005	-32.038574	-306.243134	1382.355347
6620.089345	-32.213913	-308.522491	1381.829346
6620.092719	-32.097023	-309.574524	1381.829346
6620.096053	-31.220337	-311.678528	1380.251221
6620.098944	-32.038574	-312.321442	1379.082275
6620.102215	-32.038574	-313.782593	1378.731689
6620.105548	-31.454117	-315.886597	1378.673340
6620.108872	-31.980133	-316.587952	1377.855103
6620.112234	-31.571014	-318.224426	1376.686157
6620.115549	-31.512566	-319.101105	1376.393921
6620.118483	-31.044998	-320.796021	1376.686157
6620.121790	-30.986557	-321.848053	1374.523682
6620.125116	-31.044998	-322.490936	1374.815918
6620.128458	-30.402107	-323.952057	1373.763916
6620.131790	-30.635887	-326.056122	1373.062500
6620.135116	-30.811218	-326.582123	1372.770264
6620.138450	-30.694328	-328.452362	1371.250610
6620.141785	-30.402107	-329.387482	1370.958496
6620.145148	-29.934540	-330.205719	1370.958496
6620.148454	-29.992981	-332.017517	1370.900024
6620.151786	-30.109871	-332.134430	1369.555786
6620.155116	-29.525421	-333.244873	1369.555786
6620.158448	-29.174751	-334.764465	1368.912964
6620.161807	-29.700760	-335.874939	1367.451782
6620.165113	-29.057861	-336.693146	1366.633545
6620.168450	-29.642311	-336.985382	1366.166016
6620.171780	-29.350090	-338.329651	1366.399658
6620.175118	-29.466980	-339.615417	1366.633545
6620.178445	-29.408531	-339.732330	1365.523071
6620.181783	-29.057861	-340.842773	1364.295654
6620.185118	-29.057861	-341.544128	1364.178833
6620.188447	-28.882523	-342.771484	1364.237305
6620.191778	-28.590294	-342.713043	1363.243652
6620.195107	-28.999413	-343.589691	1363.477417
6620.198446	-28.999413	-344.115723	1362.951538
6620.201779	-28.882523	-344.992401	1362.542358
6620.205119	-28.882523	-344.992401	1361.782593
6620.208441	-28.590294	-345.810638	1361.957886
6620.211780	-28.239624	-346.453522	1362.308594
6620.215111	-28.181183	-346.745758	1361.490234
6620.218441	-27.421387	-347.096436	1360.964355
6620.221777	-27.187607	-347.680878	1360.613647
6620.225116	-27.421387	-347.213318	1360.146118
6620.228442	-27.772064	-347.973114	1360.204590
6620.231777	-27.772064	-348.323792	1360.613647
6620.236439	-27.421387	-348.908234	1360.263062
6620.239409	-26.778496	-348.616028	1358.977173
6620.242643	-26.895386	-349.025116	1359.912354
6620.246069	-26.953827	-348.966675	1357.749756
6620.249388	-26.427818	-349.200439	1359.561646
6620.252660	-26.544716	-349.551147	1359.094116
6620.255959	-25.784920	-349.492676	1358.977173
6620.258865	-26.018700	-349.784912	1360.146118
6620.262198	-25.901810	-350.369385	1359.269409
6620.265524	-25.609589	-350.486267	1359.269409
6620.268865	-26.194038	-350.077148	1358.860229
6620.272207	-25.492699	-350.135590	1359.444702
6620.275576	-24.908241	-350.194031	1358.801880
6620.278912	-25.375809	-349.843384	1359.678467
6620.281768	-25.142021	-349.901794	1359.561646
6620.285099	-24.966682	-349.434235	1358.275879
6620.288467	-25.258911	-349.317352	1358.392700
6620.291803	-24.616013	-349.960236	1358.275879
6620.295108	-24.557571	-349.434235	1358.684937
6620.298434	-24.206902	-349.492676	1359.736938
6620.301776	-24.499123	-349.083588	1358.743408
6620.305106	-23.797775	-348.966675	1360.379883
6620.308436	-23.388664	-348.616028	1360.204590
6620.311769	-23.330215	-348.908234	1359.035645
6620.315104	-23.505554	-348.265320	1359.386230
6620.318429	-23.973114	-347.680878	1359.970703
6620.321764	-22.687321	-347.388672	1359.678467
6620.325103	-23.037994	-346.804199	1361.139648
6620.328430	-22.570431	-346.687317	1361.724121
6620.331768	-22.453537	-346.395081	1360.905884
6620.335110	-22.102859	-346.161316	1361.607178
6620.338428	-22.628872	-344.817047	1362.250122
6620.341762	-22.102859	-344.174164	1361.782593
6620.345097	-22.161308	-344.232605	1363.360596
6620.348427	-22.395092	-343.414368	1361.607178
6620.351766	-21.576855	-342.888367	1362.776123
6620.355092	-21.343075	-342.420807	1363.535889
6620.358447	-21.518406	-341.836334	1363.652832
6620.361764	-21.284626	-341.661011	1364.938599
6620.365115	-21.635300	-340.492096	1366.750366
6620.368430	-20.992401	-339.206299	1364.295654
6620.371762	-20.933952	-338.855621	1367.334839
6620.375093	-20.875511	-338.680298	1366.224365
6620.378430	-19.998829	-337.277618	1367.685547
6620.381759	-20.466393	-336.050262	1367.568604
6620.385096	-20.232609	-335.582703	1368.328369
6620.388426	-20.115719	-334.998230	1368.094727
6620.391760	-19.648155	-334.355347	1369.672729
6620.396458	-18.888371	-332.192871	1370.607788
6620.399300	-19.063702	-330.965515	1370.490845
6620.402684	-18.303917	-330.030396	1372.653442
6620.406032	-18.479248	-329.095245	1372.653442
6620.409315	-18.537697	-328.393921	1372.536499
6620.412597	-18.537697	-326.815918	1372.945679
6620.415931	-18.245468	-325.939209	1373.120972
6620.419315	-18.362358	-324.945618	1374.465210
6620.422171	-17.310345	-324.068970	1375.283447
6620.425556	-17.485683	-323.659851	1375.049683
6620.428878	-17.427235	-322.023376	1375.517212
6620.432214	-17.661015	-321.263580	1375.575684
6620.435526	-17.018120	-319.743988	1376.744629
6620.438883	-16.901230	-318.516663	1376.510742
6620.441761	-16.667446	-318.282867	1377.971924
6620.445086	-16.492107	-316.412628	1378.556396
6620.448416	-16.784340	-314.776154	1379.257690
6620.451782	-16.492107	-313.782593	1380.017456
6620.455085	-16.199886	-312.555237	1380.368164
6620.458423	-15.849213	-311.269440	1380.251221
6620.461757	-15.673874	-309.457611	1382.062988
6620.465091	-15.615433	-308.230255	1382.179932
6620.468419	-15.673874	-306.886017	1383.115112
6620.471751	-15.381649	-305.717133	1383.173584
6620.475087	-14.388077	-304.431335	1384.050171
6620.478420	-14.504967	-302.619507	1385.978882
6620.481764	-14.738747	-301.392151	1387.147827
6620.485081	-14.738747	-299.755707	1385.394531
6620.488412	-14.563416	-298.411438	1386.329590
6620.491773	-14.738747	-296.774963	1388.609009
6620.495088	-14.621857	-295.196960	1388.375244
6620.498417	-13.803623	-292.859131	1389.135010
6620.501743	-14.154297	-291.924011	1389.544189
6620.505079	-13.862072	-290.521332	1390.479248
6620.508418	-12.985390	-288.943298	1391.355957
6620.511748	-13.452950	-287.189941	1391.531250
6620.515087	-12.810051	-285.085907	1390.596191
6620.518411	-12.342487	-283.157227	1394.161255
6620.521745	-12.634716	-281.754517	1393.518433
6620.525100	-12.400936	-280.351837	1394.278198
6620.528415	-11.933372	-278.014038	1394.862549
6620.531745	-12.225597	-276.026886	1396.382202
6620.535080	-11.991814	-274.390411	1396.791260
6620.538415	-12.108704	-272.929291	1396.499146
6620.541744	-11.232029	-270.766815	1396.849731
6620.545083	-11.290470	-269.013458	1399.012207
6620.548409	-11.232029	-267.260101	1399.187622
6620.551745	-10.881355	-265.039154	1398.836914
6620.556451	-10.764465	-261.766205	1400.473389
6620.559317	-10.004673	-259.779053	1401.583862
6620.562593	-10.589127	-258.376373	1402.343628
6620.565925	-9.712448	-256.038574	1403.687866
6620.569331	-10.180012	-254.226761	1403.863159
6620.572616	-9.478668	-252.414948	1404.272339
6620.576005	-9.069550	-250.778503	1404.564453
6620.579360	-9.127998	-248.440689	1405.499634
6620.582180	-9.186440	-246.278198	1405.441284
6620.585497	-9.069550	-244.057266	1406.668579
6620.588835	-8.543541	-242.303909	1406.610107
6620.592165	-8.192867	-240.492096	1407.019287
6620.595497	-8.251312	-238.446503	1408.655640
6620.598825	-8.192867	-236.459381	1408.889526
6620.601738	-8.543541	-234.180008	1409.883057
6620.605098	-7.959087	-231.842194	1410.467529
6620.608404	-8.192867	-229.971939	1411.168945
6620.611735	-7.900642	-227.575668	1410.350586
6620.615066	-7.842197	-225.354752	1410.526001
6620.618409	-7.316189	-223.192276	1411.636475
6620.621735	-6.965515	-221.146698	1413.623535
6620.625100	-6.848625	-219.159546	1412.454590
6620.628401	-6.731735	-216.529510	1412.922241
6620.631737	-6.731735	-214.717697	1413.798950
6620.635072	-6.673290	-212.555237	1413.740479
6620.638406	-6.205727	-209.691406	1413.857422
6620.641737	-6.147282	-207.236694	1415.260010
6620.645067	-5.796608	-204.723541	1415.552246
6620.648435	-6.147282	-202.911743	1415.376953
6620.651738	-5.855053	-200.340149	1417.013428
6620.655066	-5.738163	-198.177673	1416.838135
6620.658400	-5.329048	-195.313843	1416.896484
6620.661736	-5.504383	-193.092911	1416.312012
6620.665068	-5.036819	-190.287537	1416.078369
6620.668400	-4.627701	-188.358841	1417.071899
6620.671733	-4.510811	-185.670364	1417.597900
6620.675060	-4.627701	-183.624786	1418.649902
6620.678398	-3.984802	-180.877838	1418.883667
6620.681732	-4.101696	-178.364700	1417.714722
6620.685061	-3.984802	-175.676208	1418.123901
6620.688407	-3.984802	-174.156631	1419.000610
6620.691769	-3.809467	-171.877258	1419.117432
6620.695059	-3.517242	-168.954987	1419.877319
6620.698406	-3.751022	-166.617172	1419.351196
6620.701733	-3.225014	-163.870255	1419.584961
6620.705059	-2.815899	-161.473984	1419.526489
6620.708396	-2.991234	-158.551712	1420.286255
6620.713031	-2.406780	-154.051422	1419.409668
6620.715978	-1.880772	-151.479828	1419.117432
6620.719271	-1.997662	-150.018692	1420.227905
6620.722677	-2.582115	-147.096436	1420.403198
6620.726039	-1.763882	-144.349487	1419.234375
6620.729271	-1.530102	-142.128571	1420.052612
6620.732568	-2.289890	-139.147873	1419.935669
6620.735525	-1.530102	-136.985382	1420.227905
6620.738816	-1.646992	-134.296890	1420.227905
6620.742157	-1.062538	-132.368195	1420.111084
6620.745484	-0.887199	-129.036819	1420.753906
6620.748835	-0.828754	-126.932793	1420.637085
6620.752200	-0.945648	-124.244301	1419.468140
6620.755506	-0.185856	-121.848045	1420.403198
6620.758432	-0.828754	-119.101112	1419.701904
6620.761728	-0.653419	-116.938637	1420.286255
6620.765058	-0.711864	-114.250145	1419.234375
6620.768387	-0.361195	-111.503212	1419.000610
6620.771723	-0.127411	-109.223846	1420.111084
6620.775056	-0.302750	-106.593803	1420.111084
6620.778409	0.047924	-103.379311	1418.708374
6620.781718	-0.478085	-101.976624	1418.591431
6620.785057	0.164814	-98.411453	1419.292725
6620.788385	0.807716	-95.956749	1418.182373
6620.791723	0.924606	-93.618935	1417.831665
6620.795054	0.515491	-90.696671	1417.364014
6620.798385	0.340149	-88.592636	1419.526489
6620.801721	0.749271	-86.137932	1418.708374
6620.805055	0.866161	-83.157219	1418.007080
6620.808396	1.392170	-81.170074	1417.013428
6620.811714	1.333725	-78.130920	1415.786011
6620.815049	0.749271	-76.085327	1415.727661
6620.818389	0.807716	-73.163063	1415.260010
6620.821762	1.625950	-70.883690	1415.143188
6620.825050	1.392170	-68.195206	1414.967896
6620.828387	1.742844	-65.857391	1415.552246
6620.831721	1.684395	-63.227348	1413.740479
6620.835045	2.035069	-60.772644	1414.149658
6620.838416	2.736412	-58.317947	1413.682007
6620.841720	2.444187	-55.512566	1413.798950
6620.845048	2.385742	-53.291641	1413.156006
6620.848382	2.502632	-50.603157	1412.162476
6620.851724	3.145531	-48.732903	1412.220947
6620.855042	2.619522	-46.278198	1411.052002
6620.858380	2.911747	-43.765049	1412.162476
6620.861712	2.502632	-41.427235	1410.818237
6620.865044	2.853302	-39.440094	1410.000000
6620.868376	2.853302	-36.634716	1409.649292
6620.871715	3.379311	-34.472237	1408.947998
6620.876006	3.496201	-29.855055	1407.779053
6620.879300	3.437756	-27.692577	1408.012817
6620.882583	3.496201	-24.711864	1408.129761
6620.885896	3.554646	-22.607832	1406.960815
6620.889223	3.671539	-20.445353	1405.616577
6620.892578	3.145531	-18.224430	1406.201050
6620.895927	2.970192	-15.009935	1404.506104
6620.898828	3.262421	-12.321449	1404.389282
6620.902186	4.139099	-10.626534	1404.447632
6620.905519	3.613091	-7.996492	1404.856812
6620.908917	3.846874	-5.834015	1404.038574
6620.912147	4.022209	-3.613091	1403.337280
6620.915470	3.963764	-0.632378	1401.174683
6620.918400	3.963764	1.471655	1401.174683
6620.921705	4.197544	3.225016	1399.655151
6620.925041	4.957336	5.387493	1399.655151
6620.928374	4.080654	7.608418	1399.362915
6620.931705	4.139099	9.829340	1397.726440
6620.935037	4.197544	12.167154	1398.310913
6620.938368	4.723553	14.563416	1397.960205
6620.941707	4.606663	16.784338	1397.258911
6620.945036	4.431328	18.946814	1395.797729
6620.948375	4.548218	20.817064	1396.206909
6620.951705	3.846874	23.564001	1395.096436
6620.955037	4.197544	25.609587	1395.739258
6620.958368	4.665108	27.304502	1394.628906
6620.961721	4.314438	29.174753	1394.161255
6620.965034	4.665108	31.804792	1392.174194
6620.968413	4.840443	33.967270	1391.648193
6620.971737	4.840443	35.895966	1391.589722
6620.975035	4.139099	37.064873	1390.479248
6620.978373	4.489773	39.870255	1389.953125
6620.981705	5.424896	41.565170	1388.959595
6620.985034	4.840443	44.253654	1388.316772
6620.988362	5.600235	45.948563	1387.732300
6620.991735	5.074226	47.935715	1386.095825
6620.995033	5.015781	49.455292	1386.446533
6620.998364	4.957336	50.974869	1385.978882
6621.001702	4.314438	53.546463	1384.400879
6621.005049	4.840443	55.124481	1383.933350
6621.008362	5.191116	57.111633	1383.699585
6621.011698	4.840443	58.864990	1382.764526
6621.015029	5.249561	60.384567	1382.238403
6621.018362	5.074226	62.371712	1382.355347
6621.021698	4.898891	63.891289	1380.543579
6621.025028	4.723553	65.936882	1381.069458
6621.028363	4.898891	67.631790	1379.783813
6621.031698	4.781998	69.209816	1378.205688
6621.035996	4.723553	72.599648	1378.322510
6621.039208	4.957336	74.236115	1376.686157
6621.042550	4.898891	75.638809	1377.153687
6621.045881	5.074226	77.392166	1374.874390
6621.049246	5.074226	78.677963	1375.224976
6621.052592	4.781998	80.489769	1373.354736
6621.055501	4.606663	82.126244	1373.939209
6621.058841	4.840443	83.645828	1373.237793
6621.062139	4.665108	85.106949	1371.835205
6621.065496	4.781998	87.386330	1371.776733
6621.068785	4.723553	88.321449	1371.075439
6621.072116	5.074226	89.841026	1370.023437
6621.075446	4.781998	91.302162	1369.380371
6621.078388	5.015781	93.347748	1369.146729
6621.081691	4.606663	94.575096	1367.334839
6621.085024	4.840443	96.211571	1367.685547
6621.088357	4.314438	97.380478	1367.802490
6621.091685	4.606663	98.315605	1365.172363
6621.095029	4.840443	100.361183	1365.464600
6621.098361	4.723553	101.646988	1365.406128
6621.101689	4.431328	103.049675	1365.055542
6621.105026	4.840443	104.803040	1362.893066
6621.108381	4.723553	105.913498	1362.776123
6621.111686	4.840443	107.374634	1361.607178
6621.115087	4.139099	107.900635	1360.847412
6621.118352	4.372883	109.595551	1360.847412
6621.121704	4.314438	110.822914	1360.788940
6621.125019	4.665108	112.459373	1360.379883
6621.128350	4.255993	113.043831	1358.860229
6621.131690	3.846874	113.978966	1359.795410
6621.135025	4.431328	115.966103	1359.619995
6621.138353	4.489773	116.375206	1359.211060
6621.141688	4.022209	117.310341	1357.574463
6621.145017	4.022209	118.946800	1356.230225
6621.148355	4.255993	119.648170	1357.165405
6621.151680	3.963764	120.933952	1355.704224
6621.155019	3.788429	121.810631	1355.295166
6621.158351	4.314438	122.628868	1354.885986
6621.161677	3.963764	123.388664	1353.717041
6621.165025	4.139099	124.616005	1353.658569
6621.168353	3.788429	125.726479	1353.833984
6621.171677	3.262421	126.310921	1353.074219
6621.175012	3.671539	127.070717	1353.366455
6621.178351	3.671539	127.713615	1352.957275
6621.181683	3.379311	128.590317	1353.074219
6621.185070	3.554646	129.817657	1350.736328
6621.189660	3.613091	130.752777	1350.794800
6621.193003	3.671539	131.746353	1350.619507
6621.195930	3.613091	133.090591	1349.625854
6621.199264	3.145531	133.207489	1350.561035
6621.202572	3.028641	134.142609	1349.859619
6621.205927	3.496201	135.311523	1349.333740
6621.209287	3.671539	135.954422	1349.567505
6621.212522	3.729984	136.538879	1348.632324
6621.215869	3.671539	137.123322	1349.099976
6621.218772	3.087086	137.590881	1348.807617
6621.222096	3.437756	138.292236	1348.515503
6621.225436	3.963764	138.409119	1347.229736
6621.228771	2.619522	139.811813	1347.346558
6621.232159	3.320866	140.454712	1346.177612
6621.235483	3.320866	140.863831	1346.528320
6621.238355	3.320866	141.156052	1346.995850
6621.241675	2.970192	141.331390	1346.528320
6621.245047	2.619522	142.558746	1344.658081
6621.248367	2.853302	142.967850	1344.716553
6621.251677	2.561077	142.850967	1344.307373
6621.255005	2.385742	143.435425	1345.359375
6621.258338	2.385742	143.318527	1344.716553
6621.261681	2.327293	144.312103	1343.956665
6621.265007	2.327293	144.662781	1343.898193
6621.268334	2.035069	145.422562	1343.722900
6621.271670	2.385742	145.422562	1343.080078
6621.275047	1.742844	145.714798	1343.781372
6621.278341	1.801289	145.831680	1344.015137
6621.281670	1.918179	145.539444	1343.255371
6621.285007	1.625950	145.890137	1341.969604
6621.288339	2.093513	146.474594	1342.670898
6621.291667	1.976624	146.474594	1342.495605
6621.295005	1.625950	146.649918	1342.261841
6621.298336	1.450615	146.883698	1343.664551
6621.301671	1.216835	146.825256	1342.495605
6621.305002	1.275280	147.292816	1342.378662
6621.308332	0.690826	147.175934	1342.670898
6621.311671	1.333725	147.000580	1343.138428
6621.315022	1.099941	147.585052	1343.196899
6621.318367	0.690826	147.701935	1343.547607
6621.321670	0.749271	146.825256	1342.495605
6621.325002	0.398598	147.292816	1342.787842
6621.328332	0.924606	147.351273	1342.320312
6621.331672	0.807716	147.585052	1342.203369
6621.335000	0.281704	147.526596	1342.729370
6621.338336	0.515491	147.643494	1341.852661
6621.341662	0.632381	147.468155	1342.495605
6621.345001	0.807716	147.701935	1342.203369
6621.348330	0.281704	147.409714	1343.489136
6621.351662	0.281704	147.234375	1344.190552
6621.356370	-0.302750	147.059036	1342.495605
6621.359263	0.281704	146.766800	1342.027954
6621.362610	-0.244301	146.708374	1342.670898
6621.365931	-0.594975	146.533020	1342.729370
6621.369179	-0.653419	146.182358	1342.670898
6621.372533	-0.185856	146.007019	1343.021606
6621.375839	-0.419640	145.597900	1343.255371
6621.379199	-0.887199	145.714798	1344.132080
6621.382092	-0.770309	144.896561	1343.722900
6621.385464	-0.244301	144.955002	1344.015137
6621.388775	-0.770309	144.487442	1345.184082
6621.392150	-0.887199	144.370544	1344.190552
6621.395451	-0.711864	143.961426	1343.956665
6621.398745	-0.945648	144.019882	1343.898193
6621.401657	-1.062538	143.610764	1344.599609
6621.404999	-1.179428	142.324966	1344.950317
6621.408323	-1.004093	142.383408	1345.359375
6621.411661	-1.237873	142.208069	1346.060791
6621.414991	-1.062538	141.740509	1346.528320
6621.418324	-1.530102	140.922272	1345.826904
6621.421651	-1.705437	141.097610	1346.002319
6621.424991	-0.653419	139.987152	1346.469971
6621.428322	-1.296318	139.636475	1347.872559
6621.431653	-1.763882	138.467575	1345.826904
6621.435002	-1.120983	138.759796	1346.528320
6621.438320	-1.646992	137.766235	1348.281738
6621.441655	-1.822327	137.240219	1347.989380
6621.444988	-1.880772	137.181778	1348.573975
6621.448325	-2.173000	136.246643	1349.099976
6621.451658	-1.997662	135.720642	1349.275269
6621.454987	-2.231445	134.960846	1349.859619
6621.458378	-2.582115	133.791931	1350.035034
6621.461656	-2.114552	133.791931	1350.502686
6621.465021	-2.348335	133.032150	1351.203979
6621.468321	-2.406780	132.564590	1350.210449
6621.471657	-2.173000	131.746353	1351.087036
6621.474986	-2.757454	130.577438	1352.255981
6621.478335	-2.815899	130.402115	1352.665039
6621.481646	-3.049679	129.700775	1353.717041
6621.484981	-2.932789	128.999420	1353.074219
6621.488318	-2.815899	128.298080	1354.535278
6621.491652	-3.049679	127.713615	1353.015747
6621.494977	-2.932789	125.960258	1354.769043
6621.498316	-3.400352	125.668022	1354.126221
6621.501645	-3.751022	125.258919	1355.061401
6621.504981	-3.575687	124.323784	1354.301636
6621.508338	-4.335476	123.213326	1354.593750
6621.512623	-3.926357	121.693748	1356.230225
6621.515909	-4.101696	120.524834	1357.808228
6621.519212	-4.043251	119.706596	1357.983643
6621.522519	-4.101696	119.531273	1358.392700
6621.525820	-4.277031	118.011681	1357.691406
6621.529189	-4.686150	117.485680	1358.626465
6621.532520	-4.919930	116.609001	1358.801880
6621.535428	-5.212154	115.323204	1359.386230
6621.538761	-5.562828	114.154289	1359.094116
6621.542105	-4.803040	113.394508	1359.853882
6621.545469	-4.569256	112.459373	1360.672119
6621.548739	-4.744595	111.290474	1361.314941
6621.552094	-5.036819	110.355347	1361.665649
6621.554975	-5.270603	109.361771	1361.957886
6621.558307	-4.861485	108.368202	1361.081299
6621.561647	-5.504383	107.433075	1362.776123
6621.564974	-5.621273	106.088837	1363.652832
6621.568309	-5.679718	105.504387	1365.055542
6621.571639	-5.621273	104.160133	1364.062012
6621.574975	-5.796608	102.815895	1365.932251
6621.578312	-6.030392	101.471657	1365.055542
6621.581638	-6.205727	100.594963	1367.042725
6621.584970	-5.971947	99.367622	1367.510132
6621.588331	-5.796608	98.432495	1368.211548
6621.591639	-6.030392	96.679131	1367.159546
6621.594983	-5.913502	96.036240	1368.328369
6621.598307	-6.731735	95.042664	1369.380371
6621.601634	-6.614845	93.932205	1369.555786
6621.605055	-6.673290	92.295738	1369.964966
6621.608309	-6.848625	91.828171	1370.315552
6621.611636	-6.965515	90.133255	1369.614258
6621.614972	-7.082405	89.256577	1371.192261
6621.618308	-6.556400	87.795441	1372.185791
6621.621635	-6.790180	86.568085	1373.062500
6621.624968	-7.082405	85.223846	1372.711792
6621.628301	-6.848625	83.879608	1373.062500
6621.631670	-7.199299	83.002914	1374.056152
6621.634967	-7.257744	82.067795	1374.757446
6621.638299	-7.491524	80.606659	1374.523682
6621.641632	-7.549969	79.788429	1375.283447
6621.644966	-7.374634	78.151955	1375.166504
6621.648296	-7.140854	76.983055	1376.393921
6621.651633	-7.608414	75.580360	1376.627686
6621.654970	-8.017532	74.528351	1376.101685
6621.658297	-8.075977	73.300995	1378.205688
6621.661632	-7.725304	72.015198	1378.264160
6621.664965	-8.543541	70.904732	1378.614868
6621.668301	-8.251312	69.443604	1379.491455
6621.672597	-8.660431	66.930450	1380.543579
6621.675857	-8.543541	65.060196	1380.601929
6621.679149	-9.011105	64.300407	1380.309692
6621.682501	-9.186440	63.131500	1381.829346
6621.685843	-8.601986	61.787262	1382.530640
6621.689172	-8.835766	59.917007	1382.355347
6621.692588	-9.011105	58.806541	1382.881348
6621.695419	-9.595558	56.994743	1383.524292
6621.698761	-9.244888	56.585617	1384.751587
6621.702058	-9.537109	54.540031	1384.751587
6621.705387	-9.654003	53.137344	1384.926880
6621.708718	-9.946232	51.676216	1384.751587
6621.712058	-9.829342	50.682640	1386.505005
6621.715390	-9.478668	49.513733	1385.686768
6621.718334	-10.063122	47.818817	1386.037354
6621.721626	-9.537109	46.299240	1387.264771
6621.724957	-10.296902	44.838104	1387.381592
6621.728296	-9.946232	43.786095	1388.492065
6621.731621	-10.063122	42.091171	1389.018066
6621.734963	-9.829342	40.279373	1389.193359
6621.738295	-9.770893	38.993576	1389.135010
6621.741622	-10.238457	38.000000	1390.771484
6621.744978	-10.413795	36.597313	1390.070068
6621.748307	-10.589127	34.902397	1390.713013
6621.751625	-10.589127	33.616600	1391.706543
6621.754961	-10.881355	32.447693	1392.115723
6621.758291	-10.296902	30.928110	1392.407959
6621.761659	-10.706017	29.700758	1392.174194
6621.764958	-10.706017	27.713617	1392.174194
6621.768301	-10.881355	27.362947	1393.343018
6621.771617	-11.173580	25.960257	1394.511963
6621.774957	-11.232029	24.323790	1394.570435
6621.778289	-11.115139	22.219755	1394.687256
6621.781616	-11.465809	21.459963	1394.395142
6621.784951	-10.764465	20.115721	1395.973022
6621.788290	-11.115139	18.771479	1396.499146
6621.791620	-11.874924	16.959673	1396.323730
6621.794953	-11.465809	15.498541	1398.486328
6621.798281	-11.816483	14.680307	1396.440674
6621.801625	-11.348919	13.394506	1397.726440
6621.804969	-11.641144	11.933372	1397.726440
6621.808289	-11.582699	10.589128	1398.836914
6621.811625	-11.991814	9.595558	1399.246094
6621.814988	-11.933372	7.783754	1399.888916
6621.818320	-11.641144	6.322618	1400.239624
6621.821620	-11.933372	5.153711	1401.116333
6621.824954	-11.991814	3.634132	1400.707153
6621.828289	-12.459377	2.348333	1401.291626
6621.832905	-12.167152	-0.983049	1402.518921
6621.835865	-12.576267	-1.859732	1402.518921
6621.839207	-12.284046	-3.320865	1402.928101
6621.842481	-12.868500	-4.489771	1403.512573
6621.845886	-12.459377	-6.476913	1403.863159
6621.849316	-12.576267	-7.353594	1404.622925
6621.852462	-12.926941	-8.054938	1404.213867
6621.855380	-13.394508	-10.275862	1405.032104
6621.858710	-13.394508	-11.444769	1405.382812
6621.862040	-13.569843	-13.198130	1404.973633
6621.865385	-13.336060	-13.548801	1404.915161
6621.868702	-13.628288	-15.360607	1405.032104
6621.872036	-13.745182	-17.639977	1406.493164
6621.874941	-13.219170	-19.101110	1406.025757
6621.878299	-13.920513	-20.737579	1405.850342
6621.881614	-13.219170	-22.374050	1406.201050
6621.884944	-13.452950	-23.367620	1405.265991
6621.888280	-13.803623	-24.244301	1406.493164
6621.891645	-13.628288	-25.939217	1406.785400
6621.894957	-13.569843	-26.874342	1407.779053
6621.898280	-13.394508	-28.101696	1408.246704
6621.901609	-13.628288	-29.329046	1408.831055
6621.904945	-13.394508	-30.673290	1407.895996
6621.908310	-13.745182	-32.134422	1408.071289
6621.911607	-14.446526	-33.712448	1408.305054
6621.914943	-13.920513	-34.647575	1409.824585
6621.918269	-13.920513	-35.874924	1409.415527
6621.921624	-13.277611	-36.985390	1410.058472
6621.924941	-13.511398	-38.329632	1410.876709
6621.928272	-13.569843	-39.907654	1410.467529
6621.931605	-14.037403	-40.550552	1412.045532
6621.934935	-14.563416	-41.602570	1411.928711
6621.938269	-13.862072	-42.888367	1412.513062
6621.941604	-13.862072	-44.291058	1412.863770
6621.944940	-14.154297	-45.752190	1410.350586
6621.948272	-14.329636	-46.395088	1411.987183
6621.951621	-14.446526	-47.739334	1412.396240
6621.954937	-14.621857	-48.966682	1413.448242
6621.958268	-14.680305	-50.661598	1413.039185
6621.961605	-14.388077	-52.064293	1413.097656
6621.964940	-14.271187	-53.057861	1412.805298
6621.968265	-14.797195	-54.285210	1412.104004
6621.971602	-14.621857	-55.220337	1413.565063
6621.974932	-14.154297	-56.798363	1414.208008
6621.978269	-14.212742	-57.791931	1413.857422
6621.981600	-14.972530	-58.902397	1414.441772
6621.984935	-14.563416	-60.363533	1414.967896
6621.989563	-14.154297	-62.175339	1414.617187
6621.992497	-14.212742	-63.227348	1415.318481
6621.995963	-14.504967	-64.688484	1415.143188
6621.999239	-14.504967	-65.272942	1416.019897
6622.002517	-15.147869	-66.441849	1416.487427
6622.005784	-14.446526	-67.143188	1416.078369
6622.009142	-14.797195	-67.961426	1415.727661
6622.012019	-14.738747	-69.188782	1414.383301
6622.015350	-14.621857	-70.416130	1415.201660
6622.018690	-15.147869	-70.474579	1416.721191
6622.022020	-14.563416	-72.520164	1415.727661
6622.025353	-14.504967	-73.513733	1415.727661
6622.028746	-14.388077	-73.922852	1414.266479
6622.031594	-15.147869	-75.267097	1415.435303
6622.034929	-15.264759	-76.786674	1416.487427
6622.038286	-15.089420	-77.955582	1416.019897
6622.041606	-15.089420	-78.715370	1415.902954
6622.044931	-14.738747	-79.182938	1416.195190
6622.048266	-14.797195	-80.234947	1415.201660
6622.051604	-15.264759	-80.994736	1416.954956
6622.054925	-15.381649	-81.929871	1417.656250
6622.058264	-15.206310	-82.981888	1417.890137
6622.061597	-14.972530	-84.384575	1417.597900
6622.064928	-15.381649	-85.027466	1417.714722
6622.068258	-15.323200	-86.488609	1417.071899
6622.071590	-15.381649	-87.014610	1417.013428
6622.074929	-15.323200	-87.891296	1417.539429
6622.078256	-15.556984	-88.592636	1417.130371
6622.081609	-15.323200	-89.118645	1418.007080
6622.084926	-15.089420	-90.287552	1417.714722
6622.088256	-15.147869	-91.164230	1418.123901
6622.091590	-15.030979	-91.924026	1417.656250
6622.094930	-15.264759	-92.333138	1417.480957
6622.098259	-14.914089	-93.502045	1417.597900
6622.101589	-15.089420	-94.086502	1418.007080
6622.104950	-15.089420	-94.846291	1417.773193
6622.108311	-15.440094	-96.132088	1419.526489
6622.111593	-15.673874	-96.599655	1418.123901
6622.114922	-15.556984	-97.651665	1418.007080
6622.118256	-15.323200	-97.943893	1417.597900
6622.121586	-15.323200	-99.346588	1417.539429
6622.124952	-15.849213	-99.872589	1418.357666
6622.128254	-15.556984	-100.398598	1418.416016
6622.131587	-15.790764	-100.924606	1419.234375
6622.134919	-16.492107	-101.859734	1419.292725
6622.138260	-16.258327	-102.444183	1418.474487
6622.142950	-15.966103	-103.554649	1419.117432
6622.145798	-15.966103	-104.431328	1419.526489
6622.149238	-15.790764	-104.606667	1419.584961
6622.152515	-16.024548	-105.483345	1419.059082
6622.155866	-15.440094	-106.126244	1419.526489
6622.159106	-15.615433	-107.178261	1419.292725
6622.162433	-15.673874	-108.113388	1419.818848
6622.165761	-15.966103	-108.288719	1418.942139
6622.168708	-15.907654	-109.106956	1418.883667
6622.172012	-15.615433	-109.866745	1419.351196
6622.175382	-15.790764	-110.217415	1418.825195
6622.178724	-16.375217	-110.568092	1419.175903
6622.182065	-16.316776	-110.801872	1419.292725
6622.185357	-16.258327	-111.210991	1419.234375
6622.188247	-15.849213	-112.263008	1419.935669
6622.191583	-15.440094	-112.730568	1420.637085
6622.194910	-15.732323	-113.431915	1419.701904
6622.198247	-15.849213	-113.782585	1418.766846
6622.201581	-15.498543	-114.367043	1419.059082
6622.204913	-15.556984	-114.483932	1419.409668
6622.208249	-15.849213	-115.126823	1419.643433
6622.211599	-15.673874	-115.828171	1418.766846
6622.214908	-15.849213	-116.354179	1418.825195
6622.218240	-15.907654	-115.886620	1419.877319
6622.221575	-15.498543	-116.997078	1419.818848
6622.224914	-16.024548	-117.055527	1420.578613
6622.228243	-15.206310	-117.523094	1419.409668
6622.231573	-15.849213	-117.698425	1420.111084
6622.234906	-15.615433	-117.990654	1420.052612
6622.238236	-16.199886	-118.458221	1419.877319
6622.241573	-15.381649	-119.276451	1418.766846
6622.244914	-14.972530	-118.867332	1419.234375
6622.248236	-15.206310	-119.393341	1419.526489
6622.251632	-15.849213	-119.685562	1419.117432
6622.254921	-15.673874	-119.802460	1419.526489
6622.258249	-15.556984	-120.328468	1419.351196
6622.261569	-15.556984	-120.270020	1420.111084
6622.264905	-15.089420	-121.497375	1419.526489
6622.268242	-15.732323	-121.438927	1420.578613
6622.271571	-15.381649	-121.380478	1420.286255
6622.274899	-15.381649	-121.263596	1420.169434
6622.278236	-15.030979	-122.374054	1418.708374
6622.281568	-15.615433	-121.848045	1420.169434
6622.284900	-15.089420	-122.900063	1420.929321
6622.288238	-14.914089	-122.841614	1420.461670
6622.291608	-15.030979	-123.016945	1420.227905
6622.294899	-15.381649	-123.016945	1420.987793
6622.298238	-15.264759	-123.016945	1419.292725
6622.302533	-14.914089	-123.952072	1420.227905
6622.305823	-15.147869	-123.893623	1419.526489
6622.309152	-15.206310	-124.068970	1420.111084
6622.312417	-15.147869	-124.185852	1419.409668
6622.315768	-15.556984	-123.835190	1420.052612
6622.319078	-14.914089	-123.776741	1418.825195
6622.322465	-15.440094	-124.594971	1419.409668
6622.325317	-15.381649	-124.536537	1419.818848
6622.328704	-15.790764	-124.419640	1420.111084
6622.332044	-15.030979	-124.244301	1421.279907
6622.335383	-15.323200	-124.887199	1419.584961
6622.338740	-15.498543	-124.068970	1419.468140
6622.341997	-14.972530	-124.185852	1420.052612
6622.345323	-14.797195	-124.302750	1419.701904
6622.348227	-15.381649	-124.302750	1420.344727
6622.351559	-15.264759	-124.478088	1419.409668
6622.354900	-14.914089	-124.770317	1419.935669
6622.358231	-15.089420	-124.478088	1419.935669
6622.361561	-15.206310	-125.296310	1419.292725
6622.364897	-15.323200	-124.419640	1419.584961
6622.368226	-14.914089	-124.244301	1419.584961
6622.371562	-14.738747	-123.952072	1419.701904
6622.374893	-15.264759	-124.302750	1419.526489
6622.378233	-14.621857	-124.127403	1419.059082
6622.381561	-14.797195	-124.010521	1420.520142
6622.384900	-15.323200	-124.244301	1420.286255
6622.388225	-14.621857	-123.835190	1418.708374
6622.391559	-14.972530	-123.659843	1419.643433
6622.394891	-14.446526	-123.718292	1419.935669
6622.398272	-15.030979	-123.426064	1419.175903
6622.401579	-14.797195	-123.309181	1419.292725
6622.404897	-14.621857	-122.666283	1420.578613
6622.408253	-14.680305	-123.133842	1420.111084
6622.411555	-14.446526	-122.900063	1419.351196
6622.414891	-14.914089	-122.900063	1419.468140
6622.418227	-15.381649	-122.607834	1420.169434
6622.421557	-15.030979	-122.724716	1419.935669
6622.424888	-15.206310	-122.432503	1418.942139
6622.428221	-15.147869	-121.672707	1418.825195
6622.431558	-15.147869	-121.263596	1419.584961
6622.434886	-14.914089	-121.088249	1420.052612
6622.438227	-15.089420	-120.971367	1420.461670
6622.441557	-14.738747	-120.503799	1419.234375
6622.444884	-14.504967	-119.802460	1419.468140
6622.448220	-14.621857	-120.386909	1420.286255
6622.451574	-14.388077	-120.211571	1418.883667
6622.454887	-14.972530	-120.094688	1418.240723
6622.459191	-15.264759	-119.393341	1420.227905
6622.462483	-14.797195	-118.984215	1420.637085
6622.465757	-14.738747	-118.458221	1419.117432
6622.469065	-14.563416	-117.932205	1418.942139
6622.472399	-14.563416	-117.347748	1418.649902
6622.475753	-14.212742	-117.113968	1418.065430
6622.479081	-14.446526	-116.529510	1419.117432
6622.482040	-13.920513	-116.295731	1419.643433
6622.485340	-14.329636	-115.769730	1419.468140
6622.488662	-14.154297	-115.535942	1419.351196
6622.491979	-13.686733	-115.126823	1419.584961
6622.495347	-14.271187	-114.893044	1420.227905
6622.498634	-13.978962	-114.542374	1419.994141
6622.501977	-14.095852	-114.016365	1420.870850
6622.504879	-13.686733	-113.139687	1421.396729
6622.508224	-13.511398	-112.438339	1419.584961
6622.511549	-13.803623	-112.847458	1419.351196
6622.514881	-13.803623	-112.613678	1419.526489
6622.518215	-14.037403	-111.678551	1419.760376
6622.521547	-14.037403	-111.386322	1418.357666
6622.524907	-13.862072	-110.860321	1419.000610
6622.528210	-13.920513	-111.035652	1418.240723
6622.531544	-13.803623	-110.100525	1418.883667
6622.534878	-13.452950	-110.042084	1419.526489
6622.538215	-13.160721	-109.516075	1419.526489
6622.541545	-13.277611	-108.814728	1419.000610
6622.544889	-13.394508	-108.347168	1419.818848
6622.548217	-13.160721	-107.587372	1419.468140
6622.551549	-13.511398	-107.412041	1419.584961
6622.554880	-13.394508	-106.476913	1418.416016
6622.558208	-13.862072	-106.126244	1420.111084
6622.561547	-13.043831	-104.898888	1419.701904
6622.564879	-13.277611	-104.665108	1418.649902
6622.568240	-13.862072	-104.022209	1418.766846
6622.571546	-13.628288	-103.729980	1419.468140
6622.574873	-13.043831	-103.320869	1418.532959
6622.578206	-13.219170	-102.327293	1418.299194
6622.581552	-14.037403	-101.625954	1418.357666
6622.584875	-13.628288	-100.983055	1419.760376
6622.588206	-13.569843	-100.632385	1418.416016
6622.591541	-13.160721	-99.405029	1419.760376
6622.594878	-13.102280	-99.463478	1419.643433
6622.598204	-13.336060	-98.294563	1417.948608
6622.601539	-13.160721	-98.177673	1418.825195
6622.604873	-13.219170	-97.067215	1418.649902
6622.608205	-13.277611	-97.242546	1419.000610
6622.611587	-13.336060	-95.781418	1418.416016
6622.616188	-13.219170	-94.144951	1417.539429
6622.619093	-13.336060	-93.852715	1418.942139
6622.622390	-13.160721	-93.560493	1418.825195
6622.625755	-13.102280	-92.333138	1417.656250
6622.629099	-13.511398	-92.099358	1417.773193
6622.632488	-13.160721	-91.339569	1418.182373
6622.635803	-13.394508	-90.579781	1418.123901
6622.638710	-13.511398	-90.579781	1418.474487
6622.641955	-13.394508	-89.586205	1418.532959
6622.645301	-13.569843	-88.475746	1417.480957
6622.648633	-13.452950	-88.066628	1417.948608
6622.651955	-13.394508	-87.540619	1418.240723
6622.655310	-13.160721	-86.897720	1417.247192
6622.658628	-13.686733	-86.079483	1418.240723
6622.661528	-13.336060	-85.202812	1416.896484
6622.664871	-12.926941	-84.384575	1417.597900
6622.668200	-13.452950	-83.858566	1417.013428
6622.671532	-13.628288	-82.864998	1416.721191
6622.674868	-13.277611	-82.338982	1417.130371
6622.678199	-13.394508	-81.462303	1416.487427
6622.681533	-12.576267	-80.936295	1416.954956
6622.684879	-12.985390	-80.410286	1416.195190
6622.688213	-13.336060	-79.475159	1416.195190
6622.691571	-12.810051	-78.832260	1416.487427
6622.694858	-13.043831	-77.955582	1415.552246
6622.698202	-13.102280	-77.137344	1416.428955
6622.701525	-13.160721	-76.085327	1416.078369
6622.704857	-12.751606	-75.267097	1415.669189
6622.708192	-12.810051	-74.974869	1416.954956
6622.711529	-13.394508	-73.513733	1415.786011
6622.714865	-13.219170	-72.870834	1415.786011
6622.718195	-13.336060	-72.111046	1416.662720
6622.721529	-13.336060	-71.175919	1416.312012
6622.724859	-12.985390	-70.357689	1416.312012
6622.728192	-13.511398	-69.890121	1416.195190
6622.731531	-13.394508	-68.896553	1414.675537
6622.734875	-13.336060	-68.312096	1416.136719
6622.738188	-12.576267	-67.318527	1416.078369
6622.741529	-12.985390	-66.500290	1415.435303
6622.744853	-13.043831	-65.798950	1415.201660
6622.748195	-13.102280	-64.805374	1415.318481
6622.751525	-12.868500	-63.928696	1415.318481
6622.754883	-12.576267	-63.694916	1415.318481
6622.758196	-12.751606	-62.467560	1413.857422
6622.761522	-12.693157	-61.649330	1413.565063
6622.764859	-13.394508	-60.947983	1414.441772
6622.768191	-13.452950	-60.071304	1414.675537
6622.771519	-13.102280	-59.662186	1413.857422
6622.776197	-13.043831	-57.791931	1415.435303
6622.779125	-12.576267	-56.739914	1413.565063
6622.782398	-12.985390	-55.921684	1413.740479
6622.785789	-13.628288	-55.045006	1414.032715
6622.789118	-13.628288	-54.051430	1412.513062
6622.792470	-13.452950	-53.759201	1413.623535
6622.795699	-12.926941	-52.064293	1413.097656
6622.798615	-13.336060	-51.362946	1412.805298
6622.801962	-13.336060	-50.895386	1413.272949
6622.805270	-12.810051	-49.901810	1413.272949
6622.808605	-12.576267	-49.083572	1411.811768
6622.811940	-13.394508	-48.090004	1412.337769
6622.815319	-12.459377	-47.447105	1411.753296
6622.818183	-13.043831	-46.687317	1412.688477
6622.821519	-13.336060	-46.219753	1412.279297
6622.824849	-13.219170	-45.167740	1412.454590
6622.828180	-12.751606	-44.407948	1411.694824
6622.831597	-12.810051	-43.589714	1412.220947
6622.834849	-13.219170	-42.713036	1411.870239
6622.838187	-13.043831	-41.836349	1412.220947
6622.841522	-13.394508	-41.076561	1411.461060
6622.844852	-13.043831	-40.258327	1410.759766
6622.848186	-13.160721	-39.206314	1410.000000
6622.851514	-13.102280	-38.212742	1412.454590
6622.854849	-13.277611	-37.803623	1410.467529
6622.858176	-12.985390	-36.225601	1410.467529
6622.861513	-13.102280	-35.874924	1410.701294
6622.864860	-12.926941	-34.881355	1409.649292
6622.868181	-13.277611	-33.654003	1410.584351
6622.871510	-13.160721	-33.537113	1409.649292
6622.874850	-13.511398	-32.543541	1410.116943
6622.878179	-13.277611	-31.842197	1410.584351
6622.881513	-13.160721	-30.556400	1409.649292
6622.884843	-13.336060	-30.322618	1408.538818
6622.888175	-13.394508	-29.212156	1409.415527
6622.891508	-13.511398	-28.803040	1409.064819
6622.894857	-12.985390	-27.517241	1408.071289
6622.898177	-13.803623	-26.757450	1408.831055
6622.901540	-13.452950	-25.997662	1408.421875
6622.904845	-13.511398	-25.471653	1407.545166
6622.908187	-13.277611	-24.594973	1407.837524
6622.911508	-13.160721	-23.893629	1408.246704
6622.914845	-13.336060	-23.250731	1408.772583
6622.918170	-13.160721	-22.140268	1407.077759
6622.921506	-12.985390	-21.322033	1406.902344
6622.924842	-13.102280	-20.912916	1407.545166
6622.929494	-13.511398	-19.627117	1406.493164
6622.932431	-13.394508	-18.867329	1406.434814
6622.935761	-13.102280	-18.224430	1406.142578
6622.939164	-13.394508	-17.464640	1406.727051
6622.942448	-13.277611	-16.295732	1406.025757
6622.945688	-13.803623	-15.243716	1406.201050
6622.949019	-13.511398	-14.367037	1405.382812
6622.952365	-12.926941	-14.133255	1405.499634
6622.955262	-12.634716	-13.139684	1405.090576
6622.958603	-13.394508	-13.022793	1405.090576
6622.961982	-13.336060	-12.263003	1404.798340
6622.965307	-13.511398	-11.386324	1404.973633
6622.968670	-13.394508	-10.977205	1404.798340
6622.971993	-12.868500	-10.275862	1404.506104
6622.975262	-13.628288	-10.217417	1404.038574
6622.978167	-13.511398	-9.516072	1403.687866
6622.981527	-13.686733	-8.814728	1403.746338
6622.984837	-14.154297	-7.996492	1403.395752
6622.988167	-13.277611	-7.645821	1403.220337
6622.991497	-13.628288	-7.178257	1402.109863
6622.994843	-13.686733	-6.360023	1403.512573
6622.998167	-13.978962	-5.775569	1403.629395
6623.001501	-14.329636	-5.191116	1402.168335
6623.004832	-14.271187	-4.781998	1401.467041
6623.008167	-14.797195	-4.197545	1402.869629
6623.011496	-13.978962	-3.905318	1402.226807
6623.014834	-14.914089	-3.613091	1402.285278
6623.018164	-15.030979	-2.794857	1402.577393
6623.021496	-14.738747	-2.736411	1401.583862
6623.024830	-14.738747	-1.859732	1403.220337
6623.028165	-15.264759	-1.567505	1402.402100
6623.031498	-15.323200	-0.924604	1403.220337
6623.034831	-15.206310	-0.457041	1401.057861
6623.038173	-15.615433	0.302748	1401.642212
6623.041496	-15.440094	0.010521	1401.700684
6623.044833	-14.914089	0.770309	1401.525391
6623.048194	-15.790764	1.062536	1399.479858
6623.051498	-16.199886	1.354763	1399.129150
6623.054856	-16.082993	2.056108	1401.291626
6623.058164	-16.725891	2.582115	1400.765625
6623.061495	-15.849213	2.699007	1400.415039
6623.064827	-16.141438	3.283461	1400.298096
6623.068169	-16.024548	3.458797	1400.181152
6623.071489	-16.024548	3.751024	1400.064209
6623.074819	-16.316776	3.867914	1400.765625
6623.078157	-16.901230	4.393923	1399.187622
6623.081494	-16.784340	4.627705	1399.538330
6623.084829	-17.018120	4.627705	1399.771973
6623.088154	-17.485683	4.861485	1399.012207
6623.092449	-17.251900	4.978376	1399.771973
6623.095745	-17.135010	5.036821	1398.953735
6623.099041	-17.310345	5.329048	1400.415039
6623.102341	-17.018120	5.212156	1399.070679
6623.105669	-16.725891	5.387493	1400.531860
6623.109053	-17.602573	5.329048	1400.239624
6623.112381	-16.901230	4.861485	1399.304443
6623.115293	-17.485683	5.562830	1398.544678
6623.118624	-17.894798	5.036821	1399.830444
6623.121960	-17.953243	4.861485	1400.122681
6623.125373	-17.953243	4.861485	1400.531860
6623.128601	-17.661015	5.153711	1400.064209
6623.131918	-18.187027	5.329048	1399.713501
6623.134843	-18.011688	5.270603	1398.836914
6623.138153	-18.713032	5.504383	1399.888916
6623.141483	-18.771481	5.329048	1399.771973
6623.144815	-18.654591	5.212156	1399.304443
6623.148155	-19.063702	5.562830	1399.538330
6623.151483	-19.765049	5.971947	1399.538330
6623.154816	-18.946812	5.562830	1400.122681
6623.158148	-19.472824	5.679720	1399.830444
6623.161477	-19.648155	5.504383	1400.005859
6623.164819	-20.524841	5.153711	1398.719971
6623.168153	-19.589714	5.445938	1399.304443
6623.171482	-20.174168	5.329048	1398.953735
6623.174817	-20.524841	5.621275	1399.421387
6623.178163	-20.641731	5.270603	1400.064209
6623.181482	-20.933952	5.796610	1399.655151
6623.184869	-20.817062	5.738165	1400.239624
6623.188150	-21.226185	5.679720	1400.005859
6623.191479	-21.869080	5.387493	1398.778442
6623.194813	-21.226185	5.270603	1397.960205
6623.198146	-21.693745	5.212156	1399.246094
6623.201477	-21.810638	5.387493	1399.246094
6623.204817	-22.511982	5.270603	1399.479858
6623.208146	-22.219749	5.212156	1399.129150
6623.211477	-22.278198	4.978376	1398.719971
6623.214814	-22.453537	4.978376	1398.836914
6623.218142	-23.154884	5.504383	1399.246094
6623.221514	-23.096436	4.686150	1399.538330
6623.224812	-23.330215	4.627705	1398.836914
6623.228147	-23.154884	4.861485	1397.609619
6623.231471	-23.505554	4.510813	1398.953735
6623.234807	-23.447105	5.445938	1398.369385
6623.238143	-23.388664	4.569258	1398.310913
6623.241475	-23.213326	4.861485	1398.135620
6623.244812	-23.622444	4.160141	1399.129150
6623.249516	-24.382233	4.861485	1398.719971
6623.252431	-24.031563	4.510813	1398.369385
6623.255652	-24.499123	4.452368	1399.012207
6623.258986	-24.791351	4.218586	1398.719971
6623.262375	-25.025131	4.627705	1397.960205
6623.265730	-24.557571	4.160141	1398.369385
6623.269063	-25.726479	4.335478	1397.901733
6623.272465	-25.258911	4.452368	1398.661499
6623.275257	-25.025131	3.809469	1397.901733
6623.278617	-25.258911	3.634132	1398.486328
6623.281890	-25.901810	4.043251	1398.953735
6623.285229	-25.025131	3.926359	1398.427856
6623.288582	-25.843369	3.751024	1398.953735
6623.291888	-25.609589	3.634132	1398.544678
6623.294805	-26.077148	3.341906	1398.427856
6623.298136	-25.843369	3.049681	1398.895386
6623.301468	-26.018700	3.049681	1399.362915
6623.304801	-25.960258	3.283461	1398.895386
6623.308149	-26.486267	3.049681	1399.362915
6623.311466	-26.778496	3.458797	1398.953735
6623.314799	-27.362946	2.932787	1398.427856
6623.318137	-27.362946	3.225016	1398.544678
6623.321466	-27.538277	2.640560	1398.895386
6623.324802	-27.070717	2.523670	1398.135620
6623.328156	-27.012276	2.757452	1398.895386
6623.331486	-27.830513	2.640560	1399.012207
6623.334801	-28.064293	2.348333	1399.421387
6623.338154	-27.655174	2.406780	1399.304443
6623.341463	-28.064293	2.114553	1399.538330
6623.344804	-27.713615	2.932787	1398.836914
6623.348131	-28.414963	2.757452	1398.778442
6623.351467	-28.765633	2.582115	1398.018677
6623.354803	-28.181183	2.523670	1399.129150
6623.358135	-28.940971	2.289888	1398.836914
6623.361462	-28.940971	1.880772	1399.070679
6623.364797	-29.408531	1.997662	1400.298096
6623.368133	-29.233200	1.822327	1399.187622
6623.371466	-29.583870	1.880772	1398.544678
6623.374799	-30.168320	1.822327	1400.239624
6623.378130	-29.992981	2.172998	1397.960205
6623.381471	-30.285210	1.705435	1399.129150
6623.384794	-30.285210	1.413210	1399.362915
6623.388124	-30.811218	1.237873	1399.479858
6623.391458	-30.635887	1.588545	1400.239624
6623.394791	-30.811218	1.705435	1399.012207
6623.398127	-31.687904	1.179428	1399.655151
6623.401505	-30.986557	1.705435	1398.603149
6623.406133	-31.395668	1.588545	1399.187622
6623.409469	-31.921684	0.887201	1398.719971
6623.412380	-31.512566	1.471655	1398.719971
6623.415665	-31.804794	1.062536	1398.486328
6623.418993	-32.272354	1.413210	1398.603149
6623.422379	-31.921684	1.062536	1398.486328
6623.425754	-32.213913	0.770309	1398.661499
6623.428972	-32.155464	0.653419	1398.719971
6623.432301	-32.564583	0.945646	1399.246094
6623.435216	-32.856812	1.062536	1399.421387
6623.438556	-32.856812	1.004091	1398.719971
6623.441883	-32.681473	0.770309	1398.544678
6623.445217	-33.090591	1.004091	1398.661499
6623.448592	-33.499710	1.179428	1399.304443
6623.451935	-33.382820	1.296318	1399.246094
6623.454803	-33.149040	0.945646	1398.310913
6623.458116	-33.558151	0.478083	1400.005859
6623.461455	-33.499710	0.361193	1399.362915
6623.464797	-33.558151	0.711864	1399.362915
6623.468127	-33.733490	0.536530	1398.427856
6623.471451	-33.967270	0.478083	1398.018677
6623.474782	-33.733490	0.185858	1398.193970
6623.478123	-33.967270	0.185858	1398.486328
6623.481451	-34.610168	0.127411	1398.603149
6623.484788	-34.493279	0.010521	1399.830444
6623.488120	-33.908821	-0.223261	1398.544678
6623.491448	-34.493279	-0.690823	1399.304443
6623.494780	-34.142609	-0.223261	1398.953735
6623.498135	-34.493279	0.185858	1398.077148
6623.501451	-34.317947	0.127411	1398.486328
6623.504788	-34.902397	-0.281706	1398.836914
6623.508112	-34.376389	-0.164816	1398.661499
6623.511446	-35.077728	-0.632378	1397.960205
6623.514778	-35.194618	-0.398596	1398.135620
6623.518113	-35.019287	-0.924604	1397.960205
6623.521449	-35.311516	-0.457041	1398.018677
6623.524780	-35.486855	-1.216831	1398.310913
6623.528110	-35.545296	-1.392168	1398.018677
6623.531449	-35.253067	-1.333721	1398.836914
6623.534873	-35.779076	-1.392168	1398.018677
6623.538119	-36.363525	-1.333721	1398.427856
6623.541463	-36.012856	-1.216831	1399.187622
6623.544780	-36.363525	-1.567505	1397.492676
6623.548115	-36.421974	-1.859732	1397.960205
6623.551441	-36.480415	-1.801286	1399.246094
6623.554778	-37.123322	-1.918177	1397.843262
6623.558105	-37.123322	-2.385739	1398.778442
6623.561445	-37.064873	-1.742841	1398.427856
6623.564777	-37.298653	-1.509059	1399.246094
6623.569487	-37.649323	-2.502630	1398.719971
6623.572314	-37.649323	-1.567505	1398.836914
6623.575718	-37.532433	-2.151958	1398.252441
6623.579071	-37.766212	-1.742841	1398.193970
6623.582299	-37.883110	-2.093513	1398.895386
6623.585645	-38.526009	-2.268848	1398.836914
6623.588961	-38.175339	-2.385739	1399.070679
6623.592314	-38.467560	-2.736411	1398.953735
6623.595200	-38.584450	-3.087083	1398.193970
6623.598531	-38.759789	-2.268848	1399.538330
6623.601906	-39.110458	-2.385739	1399.713501
6623.605244	-39.110458	-2.561075	1398.953735
6623.608580	-38.759789	-2.794857	1398.544678
6623.611860	-39.168907	-3.087083	1399.246094
6623.614775	-39.811806	-2.619520	1399.362915
6623.618107	-39.928696	-2.970193	1399.187622
6623.621477	-39.870247	-2.736411	1398.369385
6623.624770	-39.753357	-2.502630	1399.129150
6623.628111	-39.928696	-2.853302	1399.538330
6623.631436	-39.928696	-2.970193	1398.661499
6623.634772	-40.396263	-3.203974	1398.953735
6623.638101	-39.928696	-3.379310	1399.187622
6623.641439	-40.746933	-3.496201	1398.369385
6623.644769	-41.097603	-3.320865	1398.836914
6623.648101	-41.039162	-3.203974	1398.193970
6623.651438	-41.272942	-3.671536	1398.544678
6623.654768	-41.331383	-3.262420	1398.836914
6623.658097	-41.682060	-3.671536	1399.713501
6623.661437	-41.331383	-3.320865	1398.953735
6623.664791	-41.915840	-3.613091	1398.661499
6623.668096	-41.798950	-4.139099	1398.369385
6623.671466	-42.617180	-3.905318	1398.135620
6623.674792	-41.974289	-4.022208	1398.836914
6623.678106	-42.266510	-4.431326	1399.421387
6623.681427	-42.383400	-4.606662	1398.895386
6623.684765	-42.383400	-4.022208	1398.778442
6623.688100	-42.091179	-4.314435	1399.070679
6623.691428	-42.617180	-4.665108	1399.070679
6623.694766	-42.734070	-4.314435	1398.486328
6623.698095	-42.734070	-4.665108	1397.784912
6623.701432	-42.909409	-4.898889	1399.070679
6623.704764	-42.850960	-5.132670	1399.070679
6623.708130	-43.026299	-5.775569	1398.135620
6623.711429	-43.318527	-5.308006	1399.421387
6623.714767	-43.143196	-5.775569	1400.064209
6623.718093	-43.201637	-5.424897	1399.362915
6623.721424	-43.552307	-5.541788	1399.129150
6623.726134	-43.435417	-5.249561	1399.538330
6623.729026	-43.786087	-5.366452	1399.947388
6623.732355	-43.610756	-5.717124	1398.486328
6623.735621	-43.786087	-5.541788	1399.596680
6623.738945	-43.669197	-6.243132	1398.310913
6623.742270	-43.844536	-6.067796	1399.655151
6623.745626	-44.428993	-6.009351	1399.362915
6623.749001	-44.604324	-5.950906	1400.064209
6623.751909	-44.487434	-6.184687	1400.005859
6623.755248	-44.721214	-6.126242	1400.999390
6623.758564	-44.487434	-6.243132	1399.129150
6623.761854	-44.662773	-6.009351	1399.538330
6623.765178	-44.838104	-6.009351	1398.719971
6623.768513	-45.013443	-6.243132	1398.369385
6623.771421	-45.305664	-6.184687	1399.888916
6623.774753	-45.188774	-6.360023	1398.836914
6623.778089	-45.130333	-6.944476	1399.187622
6623.781418	-45.247223	-7.178257	1399.713501
6623.784755	-45.481003	-6.652249	1398.719971
6623.788091	-45.539452	-7.412040	1399.771973
6623.791421	-44.896553	-6.593804	1400.064209
6623.794762	-45.597900	-7.587376	1399.771973
6623.798090	-46.533020	-7.236704	1399.538330
6623.801423	-45.890121	-6.944476	1400.181152
6623.804752	-45.948570	-6.886031	1399.479858
6623.808084	-46.416130	-7.119812	1399.187622
6623.811412	-46.766808	-7.119812	1398.544678
6623.814754	-46.649910	-7.061367	1399.538330
6623.818088	-46.766808	-7.412040	1398.895386
6623.821418	-46.942139	-7.002921	1398.836914
6623.824767	-47.701927	-7.412040	1398.778442
6623.828080	-47.351257	-7.762712	1398.252441
6623.831415	-47.468147	-7.938047	1399.246094
6623.834753	-47.292809	-8.347165	1399.947388
6623.838090	-47.526588	-7.470485	1398.778442
6623.841414	-47.701927	-8.230274	1398.836914
6623.844751	-47.701927	-8.522501	1398.895386
6623.848085	-47.760368	-7.645821	1399.129150
6623.851416	-48.286385	-7.762712	1398.895386
6623.854770	-48.870834	-7.821157	1398.193970
6623.858081	-48.169495	-8.054938	1398.193970
6623.861409	-48.520164	-7.996492	1399.304443
6623.864744	-47.935707	-7.996492	1399.596680
6623.868084	-48.812386	-8.113383	1399.888916
6623.871416	-48.753944	-8.171829	1398.369385
6623.874750	-48.637054	-8.522501	1399.421387
6623.878082	-48.578606	-8.230274	1398.427856
6623.881415	-48.403275	-8.288719	1398.895386
6623.885687	-49.630623	-8.171829	1398.778442
6623.888934	-49.572182	-8.347165	1398.427856
6623.892255	-49.572182	-8.405610	1399.655151
6623.895589	-49.630623	-8.230274	1398.836914
6623.899006	-49.805962	-8.522501	1399.713501
6623.902287	-49.221504	-8.347165	1400.064209
6623.905663	-49.513733	-8.931618	1399.830444
6623.908581	-49.805962	-8.756282	1399.129150
6623.911880	-49.747520	-8.873173	1400.356567
6623.915175	-50.156631	-9.399181	1399.947388
6623.918493	-50.331970	-9.457626	1400.064209
6623.921836	-50.215080	-8.931618	1399.538330
6623.925175	-50.507301	-9.691408	1400.298096
6623.928497	-50.857979	-9.165400	1400.005859
6623.931409	-50.156631	-9.282290	1399.479858
6623.934737	-50.273521	-8.405610	1399.012207
6623.938072	-50.273521	-9.106955	1399.421387
6623.941403	-50.273521	-9.340735	1398.603149
6623.944745	-50.741089	-9.925190	1399.596680
6623.948069	-50.857979	-9.340735	1399.596680
6623.951402	-50.857979	-9.457626	1399.421387
6623.954738	-50.799538	-9.574518	1397.960205
6623.958071	-51.091759	-9.691408	1400.122681
6623.961397	-51.325539	-10.275862	1398.895386
6623.964741	-51.676208	-9.691408	1398.953735
6623.968129	-51.383987	-9.632963	1399.304443
6623.971401	-51.208649	-10.042080	1399.479858
6623.974737	-51.033318	-10.158971	1399.304443
6623.978066	-51.734657	-10.042080	1398.895386
6623.981401	-51.500877	-10.568089	1398.953735
6623.984733	-51.383987	-9.866745	1398.719971
6623.988071	-51.325539	-10.918760	1398.836914
6623.991401	-51.676208	-10.743424	1399.187622
6623.994734	-51.851547	-10.451198	1398.135620
6623.998068	-52.143776	-10.451198	1400.005859
6624.001393	-52.377556	-10.626534	1399.479858
6624.004730	-52.669785	-10.977205	1399.771973
6624.008060	-53.195793	-11.152542	1398.310913
6624.011395	-53.078903	-10.860315	1399.187622
6624.014736	-52.962006	-10.568089	1398.719971
6624.018069	-52.552895	-11.035651	1399.012207
6624.021398	-53.078903	-10.977205	1398.603149
6624.024731	-52.728226	-11.094096	1399.362915
6624.028062	-52.786674	-10.743424	1399.304443
6624.031393	-53.137352	-11.503214	1398.719971
6624.034742	-53.604912	-11.035651	1398.427856
6624.038071	-53.371132	-10.451198	1399.362915
6624.042700	-53.897133	-10.626534	1398.661499
6624.045650	-54.072472	-10.509644	1398.719971
6624.048911	-54.072472	-11.386324	1399.070679
6624.052287	-53.838692	-10.801870	1398.661499
6624.055631	-54.364700	-11.152542	1398.953735
6624.058973	-54.072472	-11.561659	1398.077148
6624.062315	-54.364700	-11.795441	1397.843262
6624.065154	-54.773819	-11.503214	1399.362915
6624.068480	-54.949150	-11.444769	1398.836914
6624.071813	-54.656929	-11.678551	1398.719971
6624.075153	-54.890709	-11.561659	1399.830444
6624.078486	-54.715370	-12.263003	1399.421387
6624.081812	-54.949150	-11.678551	1398.953735
6624.084741	-54.598480	-12.204557	1398.778442
6624.088053	-54.949150	-11.853886	1399.655151
6624.091392	-54.656929	-12.672121	1399.362915
6624.094722	-55.066040	-12.263003	1398.603149
6624.098058	-55.182930	-12.146112	1399.187622
6624.101390	-56.001167	-12.789012	1398.953735
6624.104721	-55.299820	-12.613676	1398.719971
6624.108054	-55.650497	-12.789012	1399.129150
6624.111433	-55.007599	-12.438339	1399.129150
6624.114723	-55.182930	-12.672121	1399.479858
6624.118055	-55.708946	-12.905903	1397.960205
6624.121390	-55.942726	-12.730566	1399.362915
6624.124721	-56.001167	-13.315020	1398.077148
6624.128083	-56.234947	-13.139684	1398.018677
6624.131382	-56.234947	-12.964348	1398.661499
6624.134717	-55.767387	-13.139684	1398.193970
6624.138058	-56.059616	-13.548801	1398.661499
6624.141400	-56.527176	-13.081238	1397.784912
6624.144720	-56.351837	-13.256575	1397.083496
6624.148049	-55.884277	-13.022793	1398.603149
6624.151380	-55.884277	-14.016364	1398.719971
6624.154716	-56.176506	-13.198130	1399.830444
6624.158070	-56.585617	-13.665692	1397.434204
6624.161386	-56.468727	-13.607246	1398.252441
6624.164718	-56.234947	-13.431911	1398.544678
6624.168045	-56.118057	-13.431911	1399.538330
6624.171391	-56.527176	-13.665692	1399.304443
6624.174714	-56.468727	-13.957919	1399.070679
6624.178052	-56.468727	-14.191700	1399.596680
6624.181375	-57.053185	-13.899473	1399.246094
6624.184727	-56.994743	-13.665692	1398.895386
6624.188049	-56.936295	-13.899473	1398.310913
6624.191383	-56.644066	-13.841028	1399.304443
6624.196011	-56.702507	-13.022793	1398.895386
6624.198899	-56.994743	-13.899473	1398.544678
6624.202281	-57.637634	-14.074810	1397.960205
6624.205638	-56.877846	-13.899473	1399.421387
6624.209003	-57.286964	-14.133255	1397.901733
6624.212313	-57.579193	-14.250145	1398.661499
6624.215652	-57.170074	-14.133255	1399.012207
6624.218467	-57.462303	-14.308591	1399.246094
6624.221801	-57.111633	-14.308591	1398.603149
6624.225136	-57.754524	-14.776154	1398.252441
6624.228464	-57.637634	-14.133255	1398.135620
6624.231795	-58.280540	-14.133255	1399.713501
6624.235136	-58.397430	-14.074810	1398.369385
6624.238068	-58.280540	-14.483927	1398.661499
6624.241379	-58.222092	-14.717709	1398.018677
6624.244717	-57.696083	-14.834599	1399.070679
6624.248043	-58.455872	-14.659264	1398.369385
6624.251377	-58.397430	-15.185271	1400.298096
6624.254709	-58.105202	-14.717709	1399.713501
6624.258044	-58.163651	-15.243716	1397.726440
6624.261377	-58.514320	-15.419053	1397.960205
6624.264711	-58.923431	-14.951490	1398.135620
6624.268111	-58.572762	-15.243716	1398.369385
6624.271386	-59.624779	-14.776154	1397.901733
6624.274707	-58.748100	-14.659264	1398.310913
6624.278043	-58.923431	-15.419053	1398.603149
6624.281374	-59.215660	-15.068380	1398.369385
6624.284709	-58.748100	-15.535943	1397.726440
6624.288058	-58.806549	-15.828170	1398.895386
6624.291368	-59.098778	-16.412624	1398.135620
6624.294705	-58.748100	-15.886616	1398.135620
6624.298039	-59.098778	-15.185271	1399.129150
6624.301373	-59.624779	-15.535943	1399.479858
6624.304706	-59.390999	-16.178843	1398.369385
6624.308033	-60.033905	-15.477498	1398.427856
6624.311368	-59.390999	-16.295732	1398.544678
6624.314696	-59.390999	-15.886616	1398.895386
6624.318036	-60.209236	-16.003506	1398.778442
6624.321365	-59.858559	-16.295732	1399.246094
6624.324723	-60.092339	-16.295732	1398.778442
6624.328032	-59.975456	-16.237288	1398.193970
6624.331367	-60.559906	-16.003506	1398.018677
6624.334695	-60.559906	-15.886616	1399.479858
6624.338034	-60.735245	-16.061951	1399.947388
6624.341431	-60.267685	-15.711279	1398.836914
6624.345984	-60.384567	-16.412624	1398.603149
6624.349367	-60.559906	-17.230858	1398.778442
6624.352669	-60.209236	-16.763296	1398.427856
6624.355583	-60.443016	-16.880186	1399.012207
6624.358976	-60.910583	-17.230858	1397.667969
6624.362314	-60.676796	-17.055523	1398.018677
6624.365624	-60.092339	-17.172413	1398.895386
6624.368912	-61.027466	-17.406195	1399.596680
6624.372209	-60.793686	-17.523085	1399.362915
6624.375127	-61.319695	-17.815311	1398.603149
6624.378456	-61.261246	-17.347750	1399.129150
6624.381783	-61.261246	-16.763296	1398.135620
6624.385121	-60.910583	-18.341320	1398.778442
6624.388494	-60.676796	-17.581532	1399.246094
6624.391836	-61.144363	-17.113968	1399.830444
6624.394690	-60.443016	-17.815311	1399.479858
6624.398027	-61.202812	-18.049093	1399.655151
6624.401412	-61.027466	-18.165985	1399.129150
6624.404693	-61.144363	-16.763296	1398.953735
6624.408027	-61.436592	-17.639977	1399.596680
6624.411370	-60.793686	-18.049093	1398.895386
6624.414694	-61.144363	-18.224430	1398.895386
6624.418026	-60.676796	-17.581532	1399.655151
6624.421357	-61.378143	-17.055523	1399.246094
6624.424692	-61.085915	-17.873758	1398.895386
6624.428023	-61.378143	-17.932203	1398.077148
6624.431361	-61.611923	-17.113968	1398.486328
6624.434693	-61.787254	-17.464640	1399.304443
6624.438025	-61.553474	-18.165985	1397.843262
6624.441353	-61.845703	-17.873758	1398.895386
6624.444689	-61.436592	-17.698421	1399.012207
6624.448019	-61.611923	-18.107538	1398.369385
6624.451355	-61.378143	-17.990648	1399.012207
6624.454691	-61.845703	-18.341320	1398.719971
6624.458023	-62.021042	-18.107538	1399.012207
6624.461352	-62.079491	-18.224430	1398.836914
6624.464684	-62.196373	-18.750439	1398.836914
6624.468072	-62.079491	-18.049093	1398.719971
6624.471390	-62.371719	-18.165985	1398.953735
6624.474687	-62.079491	-18.282875	1398.486328
6624.478016	-62.313271	-18.516657	1399.304443
6624.481351	-63.014610	-18.750439	1398.778442
6624.484694	-62.605499	-18.399765	1398.603149
6624.488013	-62.839279	-18.808884	1398.778442
6624.491353	-62.488602	-18.575102	1399.129150
6624.494681	-62.547050	-18.516657	1397.784912
6624.498020	-62.780830	-18.458212	1398.486328
6624.501345	-62.722382	-18.575102	1398.603149
6624.504686	-63.073059	-18.633547	1398.953735
6624.508911	-62.605499	-19.101110	1399.012207
6624.512214	-62.722382	-18.925774	1398.836914
6624.515639	-62.780830	-18.925774	1399.479858
6624.518954	-63.131500	-18.633547	1400.122681
6624.522201	-62.313271	-18.633547	1399.129150
6624.525530	-63.014610	-19.159555	1399.538330
6624.528882	-63.306839	-19.101110	1399.362915
6624.531770	-63.482178	-19.568672	1398.953735
6624.535107	-63.657509	-19.218000	1399.713501
6624.538435	-62.839279	-19.276445	1399.187622
6624.541815	-63.189949	-19.101110	1400.181152
6624.545149	-63.248390	-19.159555	1399.304443
6624.548491	-63.657509	-19.159555	1399.304443
6624.551349	-63.482178	-19.627117	1399.596680
6624.554739	-63.248390	-19.860899	1399.888916
6624.558038	-63.891289	-19.627117	1399.362915
6624.561348	-63.423729	-19.919346	1399.246094
6624.564680	-63.832840	-19.685564	1399.596680
6624.568007	-64.125069	-20.094681	1399.713501
6624.571352	-63.540627	-19.744009	1399.362915
6624.574670	-63.891289	-19.627117	1399.771973
6624.578012	-63.540627	-19.627117	1398.544678
6624.581343	-63.657509	-19.627117	1399.655151
6624.584671	-64.300407	-19.510227	1399.538330
6624.588005	-64.008186	-19.744009	1399.713501
6624.591344	-64.125069	-19.919346	1400.181152
6624.594672	-63.832840	-19.451782	1398.077148
6624.598011	-63.832840	-19.919346	1399.655151
6624.601369	-64.066620	-19.451782	1399.070679
6624.604671	-63.949738	-19.685564	1399.538330
6624.608007	-64.008186	-19.860899	1398.719971
6624.611332	-63.599060	-19.744009	1399.655151
6624.614667	-64.066620	-19.860899	1399.888916
6624.618007	-64.008186	-19.627117	1399.362915
6624.621341	-63.774406	-20.270018	1399.771973
6624.624671	-63.774406	-19.860899	1399.304443
6624.628009	-63.891289	-20.094681	1399.830444
6624.631335	-63.715958	-20.036236	1400.122681
6624.634675	-63.832840	-20.679134	1399.655151
6624.638002	-64.358849	-19.802454	1399.596680
6624.641333	-64.183517	-19.685564	1401.116333
6624.644702	-64.300407	-19.744009	1399.304443
6624.647997	-64.709534	-19.977791	1400.181152
6624.651333	-64.358849	-19.977791	1398.895386
6624.654670	-64.534187	-19.685564	1399.304443
6624.658009	-64.183517	-19.510227	1398.895386
6624.661336	-64.066620	-20.445353	1399.070679
6624.666045	-63.599060	-20.386908	1399.655151
6624.668879	-64.592636	-20.094681	1399.479858
6624.672252	-64.709534	-20.211571	1399.947388
6624.675587	-64.417297	-19.919346	1399.947388
6624.678847	-64.767967	-19.919346	1399.888916
6624.682187	-64.534187	-20.270018	1399.479858
6624.685508	-64.008186	-20.036236	1398.369385
6624.688460	-64.534187	-20.094681	1399.888916
6624.691759	-64.241966	-20.562244	1400.064209
6624.695092	-64.358849	-20.270018	1400.122681
6624.698467	-64.066620	-20.562244	1399.129150
6624.701813	-64.534187	-20.445353	1399.129150
6624.705156	-64.884865	-20.386908	1399.304443
6624.708423	-64.125069	-20.737579	1399.012207
6624.711330	-64.826416	-20.620689	1399.070679
6624.714665	-64.358849	-19.860899	1399.362915
6624.717994	-64.534187	-20.153126	1399.362915
6624.721332	-64.592636	-20.270018	1399.187622
6624.724657	-64.066620	-20.270018	1399.012207
6624.727989	-63.657509	-19.977791	1399.187622
6624.731327	-64.709534	-19.977791	1399.421387
6624.734657	-64.651085	-20.270018	1399.246094
6624.737995	-64.534187	-20.737579	1398.895386
6624.741331	-65.001747	-20.211571	1400.064209
6624.744673	-64.534187	-20.737579	1399.947388
6624.747992	-64.884865	-19.860899	1400.005859
6624.751332	-64.709534	-20.445353	1399.538330
6624.754663	-64.358849	-20.562244	1398.719971
6624.757989	-64.241966	-20.562244	1398.895386
6624.761323	-64.592636	-20.971361	1398.778442
6624.764659	-64.241966	-20.854471	1399.479858
6624.768046	-64.183517	-20.620689	1398.486328
6624.771367	-64.709534	-20.796024	1398.603149
6624.774698	-64.709534	-20.796024	1399.129150
6624.777989	-64.651085	-20.971361	1398.544678
6624.781319	-65.001747	-20.737579	1399.596680
6624.784652	-65.118645	-20.737579	1399.362915
6624.788013	-65.293976	-20.620689	1398.778442
6624.791316	-65.001747	-20.445353	1398.895386
6624.794649	-64.709534	-21.205143	1399.830444
6624.797986	-65.001747	-20.679134	1398.836914
6624.801322	-65.118645	-20.912916	1399.538330
6624.804657	-65.001747	-20.386908	1399.479858
6624.807992	-64.709534	-20.737579	1399.888916
6624.811317	-64.534187	-21.029806	1399.421387
6624.814653	-64.709534	-20.912916	1399.070679
6624.818003	-64.884865	-20.679134	1399.655151
6624.821322	-64.475746	-20.679134	1399.421387
6624.825609	-64.767967	-20.562244	1399.888916
6624.828917	-64.884865	-21.322033	1399.304443
6624.832186	-64.943314	-21.088251	1399.771973
6624.835497	-64.709534	-21.205143	1400.181152
6624.838823	-64.943314	-21.088251	1399.947388
6624.842208	-64.709534	-21.088251	1399.362915
6624.845513	-64.475746	-20.562244	1399.538330
6624.848450	-65.060196	-20.796024	1398.369385
6624.851794	-64.709534	-21.205143	1399.362915
6624.855125	-64.475746	-20.737579	1399.655151
6624.858496	-64.767967	-20.796024	1400.356567
6624.861783	-64.300407	-21.380478	1398.544678
6624.865073	-64.767967	-20.971361	1400.765625
6624.868404	-64.125069	-20.854471	1399.012207
6624.871314	-63.715958	-20.796024	1398.661499
6624.874660	-64.008186	-20.445353	1398.778442
6624.877975	-64.125069	-20.679134	1398.895386
6624.881308	-64.066620	-20.562244	1399.421387
6624.884644	-64.300407	-20.620689	1399.304443
6624.887981	-64.592636	-20.912916	1399.012207
6624.891311	-64.417297	-20.445353	1399.479858
6624.894649	-65.293976	-20.328463	1398.486328
6624.897977	-64.475746	-20.386908	1399.246094
6624.901310	-64.826416	-20.562244	1399.012207
6624.904652	-64.826416	-21.029806	1398.778442
6624.907975	-64.300407	-21.029806	1399.479858
6624.911314	-63.891289	-20.912916	1399.246094
6624.914635	-64.475746	-20.737579	1399.421387
6624.917976	-64.943314	-20.796024	1398.544678
6624.921310	-64.475746	-20.737579	1399.888916
6624.924648	-64.884865	-20.796024	1399.713501
6624.927973	-64.475746	-20.854471	1399.129150
6624.931309	-64.767967	-20.328463	1398.719971
6624.934639	-65.001747	-20.796024	1399.304443
6624.937974	-64.358849	-20.912916	1398.077148
6624.941309	-64.651085	-21.497370	1398.544678
6624.944637	-64.767967	-21.205143	1399.596680
6624.947991	-64.008186	-21.088251	1399.947388
6624.951305	-64.300407	-20.679134	1398.369385
6624.954636	-64.358849	-20.854471	1398.719971
6624.957967	-64.008186	-20.562244	1399.129150
6624.961312	-64.417297	-20.620689	1398.369385
6624.964641	-64.300407	-21.088251	1398.252441
6624.967973	-64.651085	-21.263588	1398.661499
6624.971301	-64.651085	-21.146698	1399.070679
6624.974633	-64.592636	-20.796024	1398.077148
6624.977969	-64.358849	-20.912916	1399.012207
6624.982260	-64.066620	-20.854471	1398.719971
6624.985566	-64.125069	-20.386908	1399.187622
6624.988809	-64.592636	-20.562244	1398.486328
6624.992181	-64.183517	-20.270018	1398.778442
6624.995485	-64.709534	-20.503798	1399.129150
6624.998869	-64.066620	-20.562244	1399.246094
6625.002195	-64.358849	-20.562244	1398.778442
6625.005581	-64.709534	-20.270018	1399.012207
6625.008409	-65.118645	-20.737579	1399.713501
6625.011780	-64.300407	-20.679134	1399.012207
6625.015058	-65.001747	-20.503798	1399.421387
6625.018388	-64.417297	-20.386908	1399.713501
6625.021723	-64.417297	-20.094681	1399.538330
6625.025057	-64.709534	-20.211571	1399.947388
6625.027963	-64.943314	-20.328463	1398.836914
6625.031300	-65.177094	-20.503798	1398.486328
6625.034651	-65.060196	-20.679134	1399.479858
6625.037965	-65.177094	-20.679134	1398.661499
6625.041295	-64.943314	-20.854471	1399.070679
6625.044631	-64.592636	-20.503798	1399.596680
6625.047971	-65.410873	-20.153126	1399.362915
6625.051289	-65.352425	-20.562244	1398.778442
6625.054632	-65.293976	-20.562244	1398.193970
6625.057959	-65.060196	-20.211571	1398.427856
6625.061287	-64.709534	-20.328463	1398.135620
6625.064673	-65.177094	-20.270018	1398.603149
6625.067961	-64.709534	-20.153126	1398.895386
6625.071295	-64.884865	-20.153126	1399.479858
6625.074625	-64.475746	-20.094681	1398.836914
6625.077983	-64.767967	-20.036236	1399.246094
6625.081293	-64.651085	-20.153126	1399.304443
6625.084618	-64.183517	-20.036236	1399.012207
6625.087954	-64.125069	-20.503798	1398.661499
6625.091294	-63.774406	-20.270018	1398.252441
6625.094626	-64.300407	-20.503798	1398.661499
6625.097960	-64.241966	-20.153126	1398.369385
6625.101290	-64.066620	-19.627117	1399.304443
6625.104622	-64.241966	-19.919346	1397.901733
6625.107952	-63.599060	-19.685564	1398.719971
6625.111288	-63.715958	-20.094681	1399.771973
6625.114621	-64.241966	-19.977791	1399.187622
6625.117955	-64.592636	-19.919346	1398.895386
6625.121292	-64.183517	-19.276445	1398.135620
6625.124623	-64.066620	-19.802454	1399.129150
6625.127953	-64.300407	-19.510227	1398.661499
6625.131282	-64.241966	-19.276445	1399.888916
6625.134618	-63.657509	-20.036236	1397.551147
6625.137994	-64.008186	-19.802454	1400.473389
6625.142561	-63.891289	-19.919346	1398.603149
6625.145474	-63.949738	-19.334892	1399.362915
6625.148800	-63.482178	-19.802454	1399.362915
6625.152152	-64.125069	-19.451782	1399.713501
6625.155521	-64.417297	-19.919346	1399.538330
6625.158980	-63.949738	-19.685564	1398.661499
6625.162213	-64.066620	-19.276445	1399.187622
6625.165463	-63.832840	-19.451782	1398.719971
6625.168373	-64.008186	-19.101110	1398.778442
6625.171700	-63.715958	-19.276445	1398.544678
6625.175041	-63.540627	-19.393337	1398.603149
6625.178378	-63.657509	-19.685564	1398.603149
6625.181716	-63.715958	-19.919346	1398.369385
6625.185038	-63.774406	-19.451782	1398.427856
6625.187961	-63.306839	-19.568672	1399.187622
6625.191279	-63.482178	-19.685564	1399.012207
6625.194610	-63.832840	-19.393337	1398.544678
6625.197946	-63.365280	-19.510227	1399.304443
6625.201279	-63.657509	-19.451782	1399.421387
6625.204637	-63.131500	-19.627117	1398.778442
6625.207975	-63.657509	-19.802454	1398.778442
6625.211283	-63.774406	-19.977791	1399.479858
6625.214616	-63.482178	-19.685564	1398.719971
6625.217985	-63.423729	-19.685564	1398.427856
6625.221275	-63.891289	-19.393337	1398.486328
6625.224614	-63.774406	-19.860899	1399.070679
6625.227938	-63.423729	-20.094681	1398.719971
6625.231300	-63.891289	-19.159555	1398.953735
6625.234609	-63.423729	-19.159555	1398.953735
6625.237939	-63.189949	-19.510227	1398.603149
6625.241273	-63.423729	-19.685564	1398.836914
6625.244610	-62.722382	-19.685564	1398.895386
6625.247940	-63.131500	-19.334892	1398.135620
6625.251276	-63.423729	-19.685564	1398.719971
6625.254602	-63.423729	-19.451782	1399.304443
6625.257938	-63.189949	-18.633547	1399.538330
6625.261287	-63.073059	-18.867329	1398.544678
6625.264609	-63.423729	-19.218000	1399.771973
6625.267939	-62.722382	-19.101110	1399.129150
6625.271274	-62.780830	-19.101110	1399.246094
6625.274604	-62.780830	-18.808884	1398.427856
6625.277996	-62.196373	-19.334892	1397.141968
6625.281267	-62.371719	-18.867329	1398.661499
6625.284605	-62.254822	-18.516657	1399.713501
6625.287943	-62.663933	-18.633547	1397.609619
6625.291271	-62.430153	-18.691992	1398.778442
6625.294608	-62.897713	-18.808884	1399.421387
6625.299221	-62.605499	-18.516657	1399.012207
6625.302138	-62.663933	-18.341320	1399.596680
6625.305524	-62.722382	-17.581532	1397.901733
6625.308907	-62.430153	-17.756866	1397.843262
6625.312207	-61.495026	-18.107538	1399.012207
6625.315517	-62.021042	-17.932203	1399.596680
6625.318791	-62.313271	-18.049093	1399.129150
6625.322116	-61.845703	-17.932203	1398.486328
6625.325023	-62.371719	-18.049093	1398.719971
6625.328357	-62.196373	-17.932203	1397.843262
6625.331684	-62.371719	-18.224430	1398.953735
6625.335026	-62.430153	-18.282875	1397.667969
6625.338403	-61.904152	-17.873758	1398.836914
6625.341744	-61.962593	-17.815311	1398.135620
6625.344600	-61.611923	-18.165985	1397.141968
6625.347951	-62.079491	-18.516657	1397.726440
6625.351280	-61.553474	-17.172413	1398.135620
6625.354597	-61.202812	-17.873758	1397.317383
6625.357926	-61.144363	-17.406195	1398.310913
6625.361268	-61.261246	-18.107538	1398.661499
6625.364596	-61.495026	-17.172413	1398.369385
6625.367931	-61.202812	-17.815311	1398.486328
6625.371263	-60.559906	-17.932203	1398.603149
6625.374595	-60.969032	-17.815311	1399.187622
6625.377930	-61.436592	-16.997078	1397.434204
6625.381262	-60.735245	-17.464640	1397.960205
6625.384596	-61.027466	-17.172413	1398.427856
6625.387924	-61.319695	-17.289305	1397.960205
6625.391285	-60.735245	-17.639977	1398.778442
6625.394593	-60.969032	-17.698421	1399.012207
6625.397924	-60.793686	-17.230858	1398.895386
6625.401260	-61.319695	-16.938631	1398.719971
6625.404594	-60.793686	-17.347750	1400.122681
6625.407924	-61.027466	-17.464640	1398.135620
6625.411257	-61.027466	-17.523085	1399.070679
6625.414596	-60.852135	-17.289305	1399.187622
6625.417922	-60.735245	-16.997078	1398.953735
6625.421271	-60.326118	-17.581532	1398.661499
6625.424597	-60.326118	-17.113968	1398.661499
6625.427920	-60.443016	-16.821741	1399.070679
6625.431259	-60.267685	-16.997078	1398.778442
6625.434629	-60.793686	-16.880186	1399.012207
6625.437923	-60.618355	-17.523085	1398.836914
6625.441258	-60.326118	-17.698421	1398.719971
6625.444590	-60.267685	-15.945061	1399.421387
6625.447946	-60.092339	-17.113968	1399.246094
6625.451259	-60.209236	-17.055523	1400.298096
6625.454584	-60.443016	-16.821741	1398.661499
6625.458821	-60.326118	-16.178843	1398.427856
6625.462151	-59.917007	-16.880186	1398.603149
6625.465505	-59.507896	-16.529514	1399.304443
6625.468845	-60.209236	-16.354177	1398.719971
6625.472110	-59.332558	-16.120398	1397.843262
6625.475427	-59.800125	-16.529514	1399.596680
6625.478806	-60.559906	-16.354177	1400.239624
6625.481679	-59.858559	-16.178843	1400.181152
6625.485011	-59.566338	-16.646404	1398.895386
6625.488341	-59.741676	-15.769725	1398.895386
6625.491724	-59.741676	-16.061951	1399.012207
6625.495069	-60.033905	-15.945061	1398.719971
6625.498388	-59.858559	-17.172413	1398.369385
6625.501256	-59.800125	-15.419053	1398.252441
6625.504586	-59.566338	-16.237288	1397.960205
6625.507918	-59.157211	-15.945061	1398.018677
6625.511256	-59.507896	-15.711279	1398.310913
6625.514585	-59.917007	-15.711279	1398.953735
6625.517918	-59.098778	-15.828170	1399.012207
6625.521280	-59.566338	-15.419053	1399.421387
6625.524578	-59.274109	-15.126825	1399.187622
6625.527908	-59.157211	-15.360607	1399.421387
6625.531243	-59.098778	-15.068380	1398.778442
6625.534587	-59.157211	-15.652834	1398.427856
6625.537914	-58.514320	-15.243716	1399.246094
6625.541248	-58.280540	-14.600818	1398.895386
6625.544575	-58.748100	-15.068380	1398.778442
6625.547908	-58.572762	-14.717709	1399.304443
6625.551240	-58.572762	-14.542373	1398.544678
6625.554577	-58.748100	-15.185271	1398.603149
6625.557912	-58.455872	-14.367037	1398.077148
6625.561240	-57.696083	-14.483927	1398.778442
6625.564582	-58.338982	-14.425482	1399.888916
6625.567909	-57.929863	-14.483927	1399.479858
6625.571297	-57.988304	-14.483927	1398.486328
6625.574580	-58.163651	-14.483927	1398.603149
6625.577908	-57.754524	-14.717709	1398.310913
6625.581244	-57.871414	-14.074810	1398.486328
6625.584578	-57.871414	-14.425482	1397.667969
6625.587910	-57.637634	-14.250145	1398.544678
6625.591242	-57.579193	-14.250145	1398.603149
6625.594578	-57.520744	-14.308591	1399.187622
6625.597903	-57.286964	-14.191700	1398.135620
6625.601278	-56.760956	-14.600818	1398.077148
6625.604574	-56.176506	-14.776154	1399.012207
6625.607905	-56.877846	-14.308591	1398.486328
6625.611236	-56.410286	-14.717709	1398.661499
6625.615976	-56.936295	-13.782583	1398.018677
6625.618898	-56.644066	-13.957919	1398.544678
6625.622174	-56.176506	-13.957919	1398.252441
6625.625469	-56.468727	-14.600818	1399.012207
6625.628757	-56.118057	-14.250145	1398.603149
6625.632085	-56.001167	-13.607246	1399.070679
6625.635459	-55.884277	-13.841028	1398.369385
6625.638780	-56.351837	-13.724137	1398.836914
6625.641687	-55.825836	-13.957919	1398.369385
6625.645084	-55.942726	-14.250145	1398.661499
6625.648378	-55.650497	-13.607246	1399.012207
6625.651682	-56.176506	-13.899473	1398.661499
6625.654996	-56.118057	-14.016364	1397.200439
6625.658326	-55.708946	-14.133255	1397.434204
6625.661230	-56.234947	-13.490356	1397.551147
6625.664569	-56.585617	-13.782583	1398.077148
6625.667905	-55.942726	-14.016364	1397.843262
6625.671231	-56.234947	-13.724137	1397.901733
6625.674567	-55.767387	-13.724137	1397.843262
6625.677893	-55.650497	-13.081238	1398.252441
6625.681233	-55.592049	-13.548801	1397.960205
6625.684562	-55.124489	-13.431911	1398.836914
6625.687916	-55.299820	-13.256575	1398.603149
6625.691227	-55.182930	-13.490356	1397.200439
6625.694557	-55.592049	-13.373465	1398.310913
6625.697901	-54.949150	-13.081238	1398.603149
6625.701229	-55.825836	-13.256575	1398.369385
6625.704564	-55.592049	-13.431911	1397.784912
6625.707896	-55.416710	-13.431911	1398.661499
6625.711243	-55.182930	-13.139684	1397.843262
6625.714579	-55.592049	-13.022793	1398.603149
6625.717928	-55.182930	-12.789012	1399.246094
6625.721228	-55.299820	-12.672121	1398.895386
6625.724557	-55.124489	-12.438339	1399.246094
6625.727892	-55.358269	-12.555231	1397.843262
6625.731237	-54.773819	-12.847457	1397.901733
6625.734560	-55.007599	-12.263003	1398.836914
6625.737893	-54.949150	-12.263003	1398.252441
6625.741225	-54.540039	-12.555231	1398.719971
6625.744559	-54.832260	-12.730566	1398.603149
6625.747887	-54.832260	-12.613676	1397.784912
6625.751227	-54.598480	-11.853886	1397.551147
6625.754560	-54.890709	-12.204557	1397.726440
6625.757890	-54.481590	-12.613676	1397.843262
6625.761230	-53.780243	-12.672121	1397.083496
6625.764552	-54.247810	-11.620105	1398.077148
6625.767889	-53.897133	-12.146112	1397.843262
6625.771230	-53.429573	-11.736996	1397.609619
6625.775577	-53.604912	-11.795441	1397.960205
6625.778797	-53.429573	-11.912332	1398.077148
6625.782076	-53.429573	-11.561659	1398.369385
6625.785400	-53.254242	-11.210987	1398.427856
6625.788729	-53.429573	-11.678551	1397.960205
6625.792141	-53.195793	-10.977205	1398.719971
6625.795430	-52.786674	-10.684978	1398.018677
6625.798330	-52.903564	-11.503214	1399.012207
6625.801725	-52.377556	-11.561659	1398.193970
6625.805055	-52.669785	-10.509644	1398.193970
6625.808307	-52.903564	-11.386324	1398.427856
6625.811646	-52.085335	-10.626534	1398.310913
6625.814978	-52.319115	-11.210987	1397.784912
6625.818306	-52.085335	-10.918760	1397.726440
6625.821215	-51.500877	-10.626534	1399.187622
6625.824548	-51.909996	-10.918760	1398.427856
6625.827919	-51.851547	-10.626534	1397.726440
6625.831217	-52.143776	-10.334307	1398.661499
6625.834553	-51.851547	-11.152542	1398.778442
6625.837883	-51.150208	-10.801870	1399.421387
6625.841217	-51.267097	-10.392752	1398.486328
6625.844548	-51.325539	-10.743424	1398.953735
6625.847878	-50.974869	-10.275862	1399.070679
6625.851215	-51.325539	-10.684978	1398.603149
6625.854550	-51.267097	-10.392752	1398.836914
6625.857878	-51.091759	-10.684978	1398.836914
6625.861237	-51.208649	-10.275862	1398.661499
6625.864564	-50.273521	-10.626534	1398.953735
6625.867880	-50.857979	-10.451198	1398.135620
6625.871249	-50.682648	-9.749853	1398.135620
6625.874546	-50.741089	-9.632963	1398.077148
6625.877887	-50.799538	-9.808299	1398.018677
6625.881210	-51.091759	-9.749853	1398.719971
6625.884548	-51.150208	-10.042080	1397.726440
6625.887877	-50.565750	-9.574518	1397.667969
6625.891215	-50.098190	-9.925190	1397.901733
6625.894544	-49.630623	-9.399181	1397.609619
6625.897881	-49.805962	-9.808299	1397.609619
6625.901208	-50.624199	-8.873173	1398.486328
6625.904539	-49.922852	-9.340735	1397.901733
6625.907879	-50.098190	-9.574518	1397.317383
6625.911209	-50.039742	-9.749853	1397.492676
6625.914559	-50.390411	-9.808299	1397.843262
6625.917873	-49.689072	-9.574518	1398.252441
6625.921211	-49.630623	-9.399181	1397.492676
6625.924541	-50.098190	-8.931618	1398.135620
6625.927870	-49.805962	-9.516072	1398.193970
6625.932186	-49.513733	-9.282290	1398.544678
6625.935815	-49.279953	-9.048509	1398.369385
6625.938764	-49.747520	-8.990064	1397.492676
6625.942102	-48.695496	-8.931618	1398.135620
6625.945410	-49.396843	-8.405610	1398.836914
6625.948857	-49.279953	-9.223845	1398.427856
6625.952128	-49.455292	-8.814728	1398.077148
6625.955477	-49.046165	-8.814728	1398.135620
6625.958334	-49.104614	-8.756282	1397.609619
6625.961630	-48.812386	-8.580946	1397.551147
6625.964967	-48.812386	-8.464056	1398.018677
6625.968300	-48.753944	-8.113383	1398.369385
6625.971627	-48.637054	-8.230274	1399.070679
6625.974957	-48.227936	-8.230274	1398.486328
6625.977867	-48.344826	-8.288719	1398.310913
6625.981197	-48.227936	-7.645821	1399.246094
6625.984531	-48.344826	-7.996492	1398.369385
6625.987889	-48.052605	-8.697837	1398.077148
6625.991202	-48.286385	-7.879602	1398.369385
6625.994530	-47.643478	-8.288719	1399.070679
6625.997864	-48.169495	-8.405610	1398.661499
6626.001207	-47.526588	-7.178257	1399.187622
6626.004533	-47.877266	-7.353594	1399.012207
6626.007863	-47.292809	-7.236704	1398.018677
6626.011199	-47.526588	-7.704267	1397.960205
6626.014531	-47.351257	-6.944476	1398.719971
6626.017868	-47.117477	-7.762712	1398.193970
6626.021198	-46.474571	-7.704267	1399.596680
6626.024526	-46.825249	-7.704267	1397.375854
6626.027863	-46.708359	-7.470485	1398.661499
6626.031196	-47.059029	-7.821157	1398.544678
6626.034531	-47.059029	-7.412040	1398.486328
6626.037859	-46.416130	-7.295149	1398.895386
6626.041197	-46.649910	-7.470485	1398.369385
6626.044541	-46.065460	-7.295149	1398.486328
6626.047862	-46.299240	-6.652249	1398.427856
6626.051196	-45.831680	-6.886031	1398.836914
6626.054526	-45.597900	-7.119812	1398.252441
6626.057857	-45.773232	-7.236704	1397.843262
6626.061196	-45.481003	-6.418468	1398.252441
6626.064527	-45.539452	-6.593804	1398.778442
6626.067859	-45.247223	-6.535358	1398.135620
6626.071190	-45.188774	-6.184687	1398.544678
6626.074560	-44.779663	-6.418468	1397.901733
6626.077861	-44.954994	-6.593804	1398.603149
6626.081193	-45.071884	-6.418468	1397.609619
6626.084532	-44.487434	-6.360023	1398.427856
6626.087870	-45.130333	-6.243132	1398.486328
6626.092484	-44.545883	-6.184687	1398.486328
6626.095397	-44.136757	-5.658679	1398.310913
6626.098754	-44.078316	-6.126242	1398.836914
6626.102112	-44.779663	-6.476913	1397.960205
6626.105512	-44.136757	-6.301578	1398.193970
6626.108810	-44.078316	-5.950906	1398.836914
6626.112053	-43.493866	-5.892460	1397.609619
6626.114942	-44.078316	-5.775569	1397.784912
6626.118281	-43.669197	-5.424897	1398.427856
6626.121610	-43.552307	-5.249561	1398.603149
6626.124945	-43.786087	-5.541788	1398.077148
6626.128281	-42.967857	-5.424897	1398.719971
6626.131622	-43.727646	-5.424897	1399.421387
6626.134985	-43.786087	-5.366452	1398.310913
6626.137852	-42.734070	-5.950906	1399.070679
6626.141182	-42.850960	-5.892460	1398.661499
6626.144518	-44.019867	-5.424897	1398.603149
6626.147856	-43.260086	-5.424897	1398.603149
6626.151192	-43.026299	-5.191116	1398.252441
6626.154514	-42.500290	-4.898889	1396.966675
6626.157846	-42.675629	-5.308006	1397.492676
6626.161217	-42.792519	-4.781998	1398.077148
6626.164515	-42.500290	-4.548217	1398.018677
6626.167848	-42.324959	-4.489771	1398.895386
6626.171184	-42.441849	-4.489771	1398.603149
6626.174518	-42.208069	-4.840444	1397.843262
6626.177844	-41.740501	-4.781998	1397.667969
6626.181177	-42.091179	-4.431326	1398.310913
6626.184517	-41.682060	-5.015780	1397.901733
6626.187846	-42.441849	-4.723553	1398.778442
6626.191178	-41.798950	-4.489771	1398.661499
6626.194517	-42.383400	-4.314435	1397.609619
6626.197841	-42.091179	-4.431326	1398.369385
6626.201176	-41.623611	-5.191116	1397.784912
6626.204516	-41.915840	-4.548217	1398.077148
6626.207843	-40.980713	-4.723553	1398.252441
6626.211174	-41.097603	-4.606662	1398.778442
6626.214551	-41.331383	-4.665108	1398.895386
6626.217873	-41.331383	-4.723553	1398.369385
6626.221179	-41.039162	-4.957335	1397.901733
6626.224511	-41.097603	-4.372881	1399.070679
6626.227840	-40.980713	-4.489771	1398.486328
6626.231177	-40.454704	-5.074225	1397.726440
6626.234543	-40.805382	-3.788427	1398.953735
6626.237849	-40.104027	-4.255990	1398.953735
6626.241171	-40.045586	-4.022208	1397.551147
6626.244506	-39.870247	-4.197545	1398.427856
