time (s)	det(V)
6619.530838	-0.440814	
6619.532417	-0.665856	
6619.534091	-0.462575	
6619.535678	-0.604303	
6619.537308	-0.453274	
6619.538911	-0.648768	
6619.540536	-0.460376	
6619.542173	-0.645860	
6619.543790	-0.464581	
6619.545437	-0.600509	
6619.547027	-0.477645	
6619.548681	-0.594640	
6619.550267	-0.498226	
6619.551953	-0.564596	
6619.553516	-0.524120	
6619.555219	-0.580730	
6619.556769	-0.518005	
6619.558476	-0.537071	
6619.560015	-0.567678	
6619.561749	-0.544447	
6619.563284	-0.527282	
6619.565031	-0.518766	
6619.566517	-0.529030	
6619.568275	-0.456996	
6619.569765	-0.541272	
6619.571532	-0.494600	
6619.573015	-0.566997	
6619.574775	-0.456142	
6619.576253	-0.521667	
6619.578008	-0.468626	
6619.579512	-0.577713	
6619.581272	-0.423996	
6619.582789	-0.537095	
6619.584509	-0.398702	
6619.586035	-0.578699	
6619.587774	-0.421007	
6619.589303	-0.563456	
6619.591012	-0.368937	
6619.592569	-0.559859	
6619.594262	-0.384305	
6619.595848	-0.493432	
6619.597342	-0.476324	
6619.599002	-0.471937	
6619.600507	-0.467127	
6619.602162	-0.480799	
6619.603662	-0.518605	
6619.605311	-0.477665	
6619.606791	-0.528587	
6619.608438	-0.405699	
6619.609915	-0.522529	
6619.611552	-0.413208	
6619.613030	-0.500175	
6619.614655	-0.412846	
6619.616163	-0.471671	
6619.617730	-0.381328	
6619.619284	-0.449032	
6619.620781	-0.384551	
6619.622394	-0.483873	
6619.623962	-0.321781	
6619.625575	-0.441535	
6619.627106	-0.341109	
6619.628812	-0.411222	
6619.630282	-0.350539	
6619.631990	-0.389227	
6619.633462	-0.356997	
6619.635173	-0.345661	
6619.636647	-0.378141	
6619.638363	-0.338346	
6619.639852	-0.404889	
6619.641575	-0.289224	
6619.643054	-0.349351	
6619.644820	-0.282993	
6619.646301	-0.358745	
6619.648069	-0.280676	
6619.649557	-0.342197	
6619.651324	-0.236292	
6619.652824	-0.353637	
6619.654549	-0.208984	
6619.656081	-0.367458	
6619.657792	-0.172842	
6619.659328	-0.324138	
6619.661024	-0.199909	
6619.662572	-0.355530	
6619.664264	-0.173873	
6619.665823	-0.395415	
6619.667497	-0.153333	
6619.669081	-0.344835	
6619.670727	-0.149973	
6619.672330	-0.339087	
6619.673967	-0.127036	
6619.675568	-0.328206	
6619.677181	-0.145538	
6619.678786	-0.293373	
6619.680382	-0.145840	
6619.682055	-0.281329	
6619.683621	-0.164596	
6619.685298	-0.239744	
6619.686857	-0.145768	
6619.688568	-0.216517	
6619.690144	-0.152447	
6619.691852	-0.217915	
6619.693405	-0.158405	
6619.695105	-0.208904	
6619.696627	-0.143838	
6619.698358	-0.174490	
6619.699848	-0.172149	
6619.701619	-0.146900	
6619.703105	-0.136237	
6619.704871	-0.153720	
6619.706360	-0.157071	
6619.708153	-0.113839	
6619.709631	-0.208066	
6619.711406	-0.085742	
6619.712888	-0.190990	
6619.714649	-0.070845	
6619.716151	-0.192911	
6619.717892	-0.040008	
6619.719404	-0.200734	
6619.721128	-0.040991	
6619.722662	-0.148874	
6619.724379	0.006458	
6619.725916	-0.164576	
6619.727606	0.009931	
6619.729162	-0.177624	
6619.730835	0.056998	
6619.732405	-0.136241	
6619.734071	0.052583	
6619.735679	-0.153458	
6619.737341	0.049453	
6619.738930	-0.113803	
6619.740577	0.062275	
6619.742185	-0.110782	
6619.743831	0.030229	
6619.745470	-0.128124	
6619.747078	0.032199	
6619.748767	-0.097198	
6619.750350	0.017488	
6619.751998	-0.034800	
6619.753481	-0.081085	
6619.755041	-0.041132	
6619.756555	-0.071196	
6619.758109	-0.060859	
6619.759614	-0.084856	
6619.761202	0.007494	
6619.762746	-0.011967	
6619.764281	0.037819	
6619.765889	-0.031190	
6619.767376	0.024384	
6619.769040	-0.000112	
6619.770541	0.032783	
6619.772161	-0.009820	
6619.773681	-0.009139	
6619.775317	0.034371	
6619.776805	-0.013023	
6619.778451	0.059370	
6619.779943	0.013822	
6619.781585	0.094779	
6619.783084	-0.028262	
6619.784798	0.123908	
6619.786279	0.010612	
6619.787973	0.138273	
6619.789469	-0.033124	
6619.791120	0.137270	
6619.792649	0.018777	
6619.794284	0.134100	
6619.795858	0.020054	
6619.797450	0.141516	
6619.799043	0.012614	
6619.800608	0.150370	
6619.802222	0.079721	
6619.803851	0.220862	
6619.805466	0.042991	
6619.807069	0.207709	
6619.808711	0.074605	
6619.810302	0.202589	
6619.811981	0.089881	
6619.813554	0.194174	
6619.815240	0.101281	
6619.816799	0.178653	
6619.818486	0.139490	
6619.820040	0.181191	
6619.821736	0.164175	
6619.823282	0.201316	
6619.825014	0.177726	
6619.826515	0.191451	
6619.828279	0.199765	
6619.829762	0.197272	
6619.831540	0.225244	
6619.833021	0.180011	
6619.834790	0.247751	
6619.836275	0.160872	
6619.838069	0.253229	
6619.839549	0.194021	
6619.841316	0.295112	
6619.842810	0.208672	
6619.844553	0.270523	
6619.846067	0.185046	
6619.847774	0.337981	
6619.849300	0.200482	
6619.851020	0.324426	
6619.852569	0.220648	
6619.854270	0.339036	
6619.855828	0.178532	
6619.857511	0.381898	
6619.859075	0.182383	
6619.860734	0.368443	
6619.862315	0.198944	
6619.863958	0.365076	
6619.865569	0.223814	
6619.867186	0.357865	
6619.868807	0.221978	
6619.870425	0.369757	
6619.872054	0.260331	
6619.873653	0.351218	
6619.875335	0.263171	
6619.876921	0.352141	
6619.878601	0.276477	
6619.880154	0.367537	
6619.881862	0.284807	
6619.883423	0.333816	
6619.885111	0.310750	
6619.886663	0.355399	
6619.888387	0.292477	
6619.889898	0.348708	
6619.891648	0.320265	
6619.893128	0.308989	
6619.894909	0.321590	
6619.896395	0.304268	
6619.898149	0.359907	
6619.899633	0.307527	
6619.901395	0.381048	
6619.902886	0.307567	
6619.904655	0.385580	
6619.906147	0.313533	
6619.907893	0.415651	
6619.909401	0.285166	
6619.911116	0.396758	
6619.912650	0.288835	
6619.914358	0.414684	
6619.915904	0.263268	
6619.917437	0.274865	
6619.919037	0.277725	
6619.920525	0.305094	
6619.922165	0.316591	
6619.923686	0.273762	
6619.925313	0.324607	
6619.926790	0.269399	
6619.928434	0.320591	
6619.929930	0.262104	
6619.931560	0.333719	
6619.933058	0.271619	
6619.934675	0.348519	
6619.936185	0.267473	
6619.937757	0.352467	
6619.939285	0.314730	
6619.940809	0.347726	
6619.942416	0.324269	
6619.944009	0.379803	
6619.945612	0.274608	
6619.947155	0.387594	
6619.948819	0.313412	
6619.950305	0.385326	
6619.952015	0.344688	
6619.953489	0.340354	
6619.955224	0.342090	
6619.956697	0.333735	
6619.958418	0.403590	
6619.959899	0.309561	
6619.961599	0.364266	
6619.963077	0.368290	
6619.964869	0.358046	
6619.966358	0.330448	
6619.968132	0.383135	
6619.969607	0.337236	
6619.971393	0.413665	
6619.972877	0.356789	
6619.974639	0.443366	
6619.976138	0.372310	
6619.977896	0.461094	
6619.979405	0.341901	
6619.981157	0.454770	
6619.982671	0.369172	
6619.984382	0.496878	
6619.985916	0.353434	
6619.987603	0.499569	
6619.989152	0.376109	
6619.990827	0.509990	
6619.992394	0.330239	
6619.994055	0.489845	
6619.995659	0.309924	
6619.997310	0.487238	
6619.998914	0.340462	
6620.000563	0.492286	
6620.002173	0.328366	
6620.003809	0.482231	
6620.005432	0.362050	
6620.007037	0.499114	
6620.008705	0.384218	
6620.010306	0.446730	
6620.011975	0.375988	
6620.013559	0.463536	
6620.015240	0.365825	
6620.016818	0.453292	
6620.018505	0.391856	
6620.020048	0.452534	
6620.021755	0.395284	
6620.023287	0.454331	
6620.025019	0.427309	
6620.026525	0.401234	
6620.028283	0.399969	
6620.029776	0.404795	
6620.031558	0.431225	
6620.033037	0.387155	
6620.034803	0.428969	
6620.036281	0.380037	
6620.038056	0.422294	
6620.039536	0.367074	
6620.041295	0.423188	
6620.042791	0.323463	
6620.044548	0.432522	
6620.046063	0.354566	
6620.047790	0.453751	
6620.049304	0.293782	
6620.051014	0.453284	
6620.052555	0.328108	
6620.054261	0.476209	
6620.055810	0.277907	
6620.057513	0.465276	
6620.059082	0.277274	
6620.060749	0.443680	
6620.062334	0.293307	
6620.063996	0.463826	
6620.065593	0.280142	
6620.067240	0.438403	
6620.068858	0.279228	
6620.070479	0.422326	
6620.072113	0.297517	
6620.073721	0.415530	
6620.075365	0.290241	
6620.076841	0.251167	
6620.078401	0.274620	
6620.079901	0.281548	
6620.081541	0.341006	
6620.083042	0.237390	
6620.084662	0.346340	
6620.086181	0.265914	
6620.087746	0.336982	
6620.089301	0.260372	
6620.090854	0.365567	
6620.092465	0.297944	
6620.093961	0.303752	
6620.095608	0.294088	
6620.097111	0.260891	
6620.098759	0.264009	
6620.100244	0.294785	
6620.101957	0.262853	
6620.103426	0.272924	
6620.105161	0.274442	
6620.106631	0.310294	
6620.108339	0.313445	
6620.109821	0.262293	
6620.111527	0.344265	
6620.113010	0.226852	
6620.114689	0.335218	
6620.116180	0.216567	
6620.117856	0.370530	
6620.119370	0.282390	
6620.121099	0.375046	
6620.122622	0.231505	
6620.124335	0.406563	
6620.125876	0.203113	
6620.127576	0.385358	
6620.129133	0.229732	
6620.130814	0.402245	
6620.132393	0.144094	
6620.134049	0.367384	
6620.135634	0.181799	
6620.137286	0.373620	
6620.138878	0.162350	
6620.140524	0.356036	
6620.142119	0.189259	
6620.143742	0.339653	
6620.145412	0.186722	
6620.147012	0.343431	
6620.148684	0.192567	
6620.150284	0.318351	
6620.151960	0.242554	
6620.153562	0.323411	
6620.155219	0.229772	
6620.156786	0.298282	
6620.158502	0.228653	
6620.160048	0.265741	
6620.161749	0.253402	
6620.163276	0.268287	
6620.164997	0.239291	
6620.166508	0.198271	
6620.168265	0.252552	
6620.169750	0.225462	
6620.171536	0.219275	
6620.173015	0.170028	
6620.174808	0.236077	
6620.176285	0.156392	
6620.178049	0.203258	
6620.179534	0.120931	
6620.181297	0.217260	
6620.182790	0.107605	
6620.184521	0.233700	
6620.186043	0.110687	
6620.187779	0.249825	
6620.189305	0.092809	
6620.191028	0.282427	
6620.192565	0.103098	
6620.194261	0.233845	
6620.195819	0.071645	
6620.197503	0.237414	
6620.199080	0.004251	
6620.200770	0.234119	
6620.202332	0.023575	
6620.203981	0.238844	
6620.205559	-0.011508	
6620.207202	0.206948	
6620.208809	0.006329	
6620.210442	0.199886	
6620.212076	0.012489	
6620.213670	0.179161	
6620.215345	0.047398	
6620.216928	0.133588	
6620.218599	0.038975	
6620.220179	0.143840	
6620.221884	0.061324	
6620.223442	0.123980	
6620.225153	0.065336	
6620.226696	0.089905	
6620.228412	0.047225	
6620.229962	0.108032	
6620.231677	0.098131	
6620.233199	0.053985	
6620.234954	0.109330	
6620.236439	-0.010880	
6620.237993	0.014334	
6620.239511	-0.006726	
6620.241093	0.030056	
6620.242615	-0.039332	
6620.244153	0.015079	
6620.245785	-0.005377	
6620.247286	-0.004535	
6620.248897	-0.006787	
6620.250419	-0.017131	
6620.252073	0.009588	
6620.253558	-0.034888	
6620.255210	0.061703	
6620.256686	-0.030485	
6620.258335	0.062653	
6620.259824	-0.020745	
6620.261550	0.064329	
6620.263033	-0.009764	
6620.264748	0.066621	
6620.266226	-0.057475	
6620.267922	0.076116	
6620.269427	-0.063993	
6620.271081	0.063910	
6620.272616	-0.091285	
6620.274277	0.035382	
6620.275835	-0.077258	
6620.277438	0.045336	
6620.279028	-0.079119	
6620.280604	0.008654	
6620.282212	-0.069294	
6620.283865	0.068531	
6620.285478	-0.117288	
6620.287108	0.071173	
6620.288739	-0.111116	
6620.290349	0.072861	
6620.292015	-0.058986	
6620.293618	0.023204	
6620.295269	-0.087128	
6620.296866	0.020481	
6620.298565	-0.085005	
6620.300129	-0.015802	
6620.301844	-0.089669	
6620.303402	-0.002005	
6620.305105	-0.081029	
6620.306645	-0.042627	
6620.308358	-0.076497	
6620.309875	-0.081713	
6620.311623	-0.098975	
6620.313110	-0.065842	
6620.314877	-0.063115	
6620.316356	-0.121409	
6620.318124	-0.093557	
6620.319606	-0.133767	
6620.321374	-0.071264	
6620.322854	-0.140571	
6620.324632	-0.053487	
6620.326125	-0.159589	
6620.327880	-0.056794	
6620.329389	-0.175908	
6620.331119	-0.051267	
6620.332647	-0.186603	
6620.334357	-0.063731	
6620.335901	-0.193387	
6620.337598	-0.039227	
6620.339151	-0.218515	
6620.340852	-0.035831	
6620.342405	-0.251439	
6620.344085	-0.057245	
6620.345665	-0.243036	
6620.347334	-0.061854	
6620.348926	-0.265904	
6620.350564	-0.085971	
6620.352179	-0.257139	
6620.353811	-0.087990	
6620.355430	-0.254504	
6620.357054	-0.080429	
6620.358687	-0.217407	
6620.360284	-0.097202	
6620.361956	-0.221871	
6620.363530	-0.102564	
6620.365217	-0.201697	
6620.366788	-0.130239	
6620.368485	-0.188033	
6620.370050	-0.153506	
6620.371729	-0.229702	
6620.373281	-0.146682	
6620.375014	-0.200106	
6620.376539	-0.200815	
6620.378283	-0.197572	
6620.379772	-0.183711	
6620.381553	-0.199296	
6620.383035	-0.240989	
6620.384808	-0.186873	
6620.386296	-0.258726	
6620.388075	-0.201399	
6620.389551	-0.253606	
6620.391340	-0.176677	
6620.392826	-0.255668	
6620.394595	-0.170433	
6620.396123	-0.293092	
6620.397602	-0.281192	
6620.399183	-0.295154	
6620.400670	-0.216892	
6620.402331	-0.282263	
6620.403818	-0.278634	
6620.405444	-0.266839	
6620.406962	-0.301442	
6620.408608	-0.248365	
6620.410086	-0.329346	
6620.411706	-0.232546	
6620.413177	-0.265240	
6620.414826	-0.218221	
6620.416305	-0.354443	
6620.417916	-0.227083	
6620.419450	-0.294771	
6620.421016	-0.263769	
6620.422554	-0.314252	
6620.424169	-0.155577	
6620.425738	-0.314297	
6620.427313	-0.226262	
6620.428927	-0.316702	
6620.430500	-0.214132	
6620.432136	-0.274243	
6620.433655	-0.233573	
6620.435344	-0.278473	
6620.436830	-0.266795	
6620.438562	-0.268325	
6620.440030	-0.277297	
6620.441755	-0.269864	
6620.443302	-0.214708	
6620.445000	-0.245590	
6620.446519	-0.221303	
6620.448253	-0.289035	
6620.449742	-0.253344	
6620.451517	-0.226789	
6620.453012	-0.265256	
6620.454783	-0.250464	
6620.456264	-0.269195	
6620.458034	-0.242440	
6620.459509	-0.338015	
6620.461279	-0.224473	
6620.462775	-0.308862	
6620.464509	-0.219808	
6620.466028	-0.316649	
6620.467773	-0.228518	
6620.469286	-0.351704	
6620.471005	-0.213335	
6620.472541	-0.336279	
6620.474236	-0.204420	
6620.475782	-0.373783	
6620.477434	-0.202297	
6620.479008	-0.326716	
6620.480661	-0.207993	
6620.482247	-0.413486	
6620.483907	-0.218588	
6620.485511	-0.373936	
6620.487156	-0.206946	
6620.488747	-0.360542	
6620.490367	-0.225823	
6620.492029	-0.374657	
6620.493607	-0.237251	
6620.495271	-0.355023	
6620.496860	-0.253268	
6620.498521	-0.406972	
6620.500099	-0.296226	
6620.501782	-0.356276	
6620.503334	-0.299380	
6620.505044	-0.341790	
6620.506585	-0.264478	
6620.508316	-0.320307	
6620.509823	-0.314095	
6620.511567	-0.296725	
6620.513048	-0.331981	
6620.514824	-0.288024	
6620.516316	-0.325922	
6620.518089	-0.285236	
6620.519566	-0.324533	
6620.521357	-0.257159	
6620.522835	-0.303319	
6620.524598	-0.238431	
6620.526100	-0.358959	
6620.527825	-0.257179	
6620.529337	-0.356908	
6620.531083	-0.261215	
6620.532613	-0.418078	
6620.534343	-0.239031	
6620.535886	-0.388559	
6620.537587	-0.242133	
6620.539127	-0.371120	
6620.540824	-0.219260	
6620.542393	-0.392970	
6620.544081	-0.218427	
6620.545668	-0.375120	
6620.547322	-0.211840	
6620.548905	-0.404837	
6620.550555	-0.226342	
6620.552162	-0.400136	
6620.553811	-0.222604	
6620.555446	-0.354306	
6620.556964	-0.414235	
6620.558553	-0.322837	
6620.560049	-0.384490	
6620.561685	-0.277011	
6620.563167	-0.368759	
6620.564792	-0.256857	
6620.566270	-0.381642	
6620.567895	-0.271516	
6620.569437	-0.350995	
6620.570985	-0.292399	
6620.572536	-0.367285	
6620.574045	-0.276443	
6620.575672	-0.319135	
6620.577160	-0.344380	
6620.578800	-0.361464	
6620.580328	-0.352199	
6620.581948	-0.347397	
6620.583422	-0.326208	
6620.585141	-0.312343	
6620.586614	-0.321298	
6620.588319	-0.293410	
6620.589798	-0.288576	
6620.591523	-0.261473	
6620.593013	-0.362230	
6620.594730	-0.277494	
6620.596217	-0.355394	
6620.597909	-0.223301	
6620.599394	-0.371535	
6620.601054	-0.237448	
6620.602582	-0.355212	
6620.604292	-0.187203	
6620.605837	-0.388752	
6620.607518	-0.202446	
6620.609081	-0.372329	
6620.610777	-0.215619	
6620.612331	-0.393002	
6620.614005	-0.192472	
6620.615576	-0.418046	
6620.617238	-0.205613	
6620.618837	-0.362830	
6620.620463	-0.198297	
6620.622085	-0.363583	
6620.623694	-0.208231	
6620.625348	-0.328923	
6620.626945	-0.244389	
6620.628614	-0.328162	
6620.630212	-0.232957	
6620.631894	-0.330889	
6620.633457	-0.257070	
6620.635160	-0.327413	
6620.636704	-0.220715	
6620.638427	-0.342998	
6620.639982	-0.235861	
6620.641664	-0.283565	
6620.643195	-0.259757	
6620.644910	-0.308830	
6620.646399	-0.272374	
6620.648180	-0.285111	
6620.649659	-0.305015	
6620.651441	-0.280249	
6620.652925	-0.285442	
6620.654705	-0.224409	
6620.656185	-0.326809	
6620.657948	-0.195622	
6620.659447	-0.315521	
6620.661207	-0.230399	
6620.662704	-0.301511	
6620.664437	-0.193145	
6620.665952	-0.313874	
6620.667672	-0.176637	
6620.669218	-0.266750	
6620.670920	-0.164568	
6620.672464	-0.309757	
6620.674145	-0.149236	
6620.675717	-0.268567	
6620.677400	-0.149740	
6620.678973	-0.295480	
6620.680640	-0.144644	
6620.682214	-0.333818	
6620.683861	-0.148221	
6620.685467	-0.297897	
6620.687078	-0.137582	
6620.688701	-0.310526	
6620.690299	-0.146642	
6620.691975	-0.298377	
6620.693579	-0.166594	
6620.695223	-0.247402	
6620.696809	-0.156346	
6620.698501	-0.234274	
6620.700065	-0.185076	
6620.701761	-0.223410	
6620.703302	-0.179070	
6620.705008	-0.229428	
6620.706551	-0.185938	
6620.708276	-0.212288	
6620.709791	-0.202591	
6620.711527	-0.187558	
6620.713012	-0.257179	
6620.714567	-0.240550	
6620.716082	-0.293672	
6620.717654	-0.218262	
6620.719206	-0.239893	
6620.720737	-0.166095	
6620.722367	-0.232324	
6620.723863	-0.209105	
6620.725482	-0.222991	
6620.727002	-0.229319	
6620.728652	-0.206861	
6620.730134	-0.209262	
6620.731786	-0.187316	
6620.733258	-0.268918	
6620.734901	-0.159444	
6620.736389	-0.200070	
6620.738065	-0.132744	
6620.739552	-0.245219	
6620.741231	-0.108417	
6620.742734	-0.239894	
6620.744392	-0.135238	
6620.745926	-0.231072	
6620.747553	-0.124970	
6620.749113	-0.285409	
6620.750704	-0.139399	
6620.752302	-0.229988	
6620.753872	-0.136688	
6620.755467	-0.288785	
6620.757002	-0.153410	
6620.758680	-0.211921	
6620.760280	-0.109493	
6620.761948	-0.212223	
6620.763533	-0.092779	
6620.765207	-0.197540	
6620.766767	-0.078173	
6620.768468	-0.187465	
6620.770022	-0.105472	
6620.771693	-0.158183	
6620.773243	-0.095269	
6620.774941	-0.148471	
6620.776455	-0.142316	
6620.778203	-0.130637	
6620.779688	-0.157700	
6620.781453	-0.132100	
6620.782936	-0.154783	
6620.784695	-0.116615	
6620.786177	-0.153764	
6620.787968	-0.073903	
6620.789451	-0.184476	
6620.791208	-0.050921	
6620.792707	-0.199566	
6620.794438	-0.075409	
6620.795955	-0.173459	
6620.797677	-0.049572	
6620.799212	-0.148028	
6620.800922	-0.039932	
6620.802464	-0.199751	
6620.804169	-0.033861	
6620.805726	-0.176746	
6620.807420	-0.020632	
6620.808989	-0.206805	
6620.810660	-0.011452	
6620.812250	-0.193366	
6620.813904	-0.018215	
6620.815511	-0.189113	
6620.817152	-0.004724	
6620.818759	-0.182941	
6620.820366	-0.007314	
6620.821997	-0.171473	
6620.823587	-0.038417	
6620.825232	-0.157168	
6620.826818	-0.034272	
6620.828496	-0.162034	
6620.830050	-0.069661	
6620.831770	-0.156459	
6620.833321	-0.069778	
6620.835006	-0.105106	
6620.836552	-0.068166	
6620.838266	-0.106794	
6620.839774	-0.094963	
6620.841542	-0.062329	
6620.843019	-0.072215	
6620.844803	-0.058442	
6620.846283	-0.059268	
6620.848061	-0.021873	
6620.849541	-0.044508	
6620.851313	-0.038506	
6620.852794	-0.115277	
6620.854567	-0.041906	
6620.856059	-0.123826	
6620.857821	-0.010412	
6620.859326	-0.073419	
6620.861057	-0.012515	
6620.862577	-0.151234	
6620.864283	0.011031	
6620.865815	-0.157877	
6620.867526	0.033597	
6620.869085	-0.132003	
6620.870794	0.066976	
6620.872347	-0.104284	
6620.874021	0.058678	
6620.875645	-0.097754	
6620.877137	-0.090528	
6620.878772	-0.094358	
6620.880287	-0.090539	
6620.881939	-0.101142	
6620.883416	-0.133107	
6620.885070	-0.029523	
6620.886540	-0.124047	
6620.888189	-0.039235	
6620.889666	-0.070056	
6620.891309	-0.010602	
6620.892805	-0.112075	
6620.894396	-0.027359	
6620.895950	-0.090894	
6620.897494	-0.040899	
6620.899072	-0.108965	
6620.900663	0.015244	
6620.902277	-0.072501	
6620.903852	0.029855	
6620.905477	-0.088372	
6620.907017	0.010495	
6620.908697	-0.047074	
6620.910194	-0.027174	
6620.911890	-0.062249	
6620.913375	0.003421	
6620.915105	-0.017998	
6620.916578	-0.040645	
6620.918293	0.000388	
6620.919799	0.006680	
6620.921537	-0.003604	
6620.923020	-0.011234	
6620.924789	0.021605	
6620.926273	-0.021812	
6620.928057	0.025778	
6620.929540	-0.034123	
6620.931323	0.038310	
6620.932799	-0.050055	
6620.934567	0.038012	
6620.936060	-0.039042	
6620.937795	0.060446	
6620.939308	-0.040729	
6620.941052	0.082255	
6620.942586	-0.055828	
6620.944317	0.090215	
6620.945837	-0.088360	
6620.947537	0.104472	
6620.949076	-0.040713	
6620.950771	0.080285	
6620.952332	-0.082366	
6620.954021	0.119429	
6620.955608	-0.111829	
6620.957282	0.105893	
6620.958859	-0.038772	
6620.960519	0.115795	
6620.962126	-0.037100	
6620.963784	0.106425	
6620.965411	-0.107608	
6620.967051	0.093534	
6620.968691	-0.080219	
6620.970277	0.102864	
6620.971963	0.001206	
6620.973559	0.105611	
6620.975202	-0.017139	
6620.976787	0.085063	
6620.978485	-0.020942	
6620.980036	0.045678	
6620.981760	0.027857	
6620.983317	0.058601	
6620.985014	-0.005792	
6620.986549	0.056559	
6620.988264	0.047902	
6620.989788	0.040989	
6620.991533	0.077163	
6620.993012	0.030225	
6620.994786	0.057928	
6620.996263	0.035917	
6620.998037	0.050129	
6620.999514	-0.029579	
6621.001290	0.061965	
6621.002771	-0.032379	
6621.004533	0.093285	
6621.006047	-0.015049	
6621.007798	0.108331	
6621.009308	0.024711	
6621.011050	0.107984	
6621.012563	-0.036101	
6621.014264	0.114337	
6621.015801	-0.091353	
6621.017511	0.121201	
6621.019075	-0.055981	
6621.020776	0.146044	
6621.022336	-0.051606	
6621.024014	0.183777	
6621.025595	0.003776	
6621.027263	0.163438	
6621.028848	-0.035533	
6621.030476	0.145202	
6621.032086	-0.027327	
6621.033718	0.123670	
6621.035386	-0.018614	
6621.036890	-0.038147	
6621.038526	0.016163	
6621.040007	0.011284	
6621.041654	0.042395	
6621.043156	-0.106399	
6621.044779	0.035076	
6621.046280	-0.065318	
6621.047911	0.019143	
6621.049422	-0.080670	
6621.051009	0.031720	
6621.052538	-0.023645	
6621.054071	0.052361	
6621.055664	-0.023363	
6621.057248	0.082082	
6621.058860	-0.000829	
6621.060407	0.085869	
6621.062024	0.021166	
6621.063528	0.080986	
6621.065243	0.053473	
6621.066717	0.035072	
6621.068434	0.044357	
6621.069904	0.041223	
6621.071618	0.057082	
6621.073101	-0.035589	
6621.074804	0.095823	
6621.076287	0.012038	
6621.078017	0.073457	
6621.079507	0.009995	
6621.081283	0.117640	
6621.082762	0.004090	
6621.084517	0.086525	
6621.086023	0.006269	
6621.087744	0.114575	
6621.089260	-0.033281	
6621.090972	0.152771	
6621.092505	-0.034111	
6621.094222	0.162020	
6621.095776	-0.032971	
6621.097465	0.164320	
6621.099025	-0.007451	
6621.100709	0.154205	
6621.102275	-0.043122	
6621.103934	0.168179	
6621.105521	-0.085166	
6621.107156	0.156493	
6621.108771	-0.054925	
6621.110406	0.132476	
6621.112013	-0.080569	
6621.113654	0.131232	
6621.115304	-0.041446	
6621.116894	0.119606	
6621.118570	-0.011596	
6621.120156	0.117418	
6621.121841	-0.005107	
6621.123420	0.106187	
6621.125118	0.029239	
6621.126683	0.113096	
6621.128376	0.034274	
6621.129933	0.084386	
6621.131644	0.082590	
6621.133181	0.095464	
6621.134902	0.076640	
6621.136401	0.050871	
6621.138169	0.038608	
6621.139653	0.040328	
6621.141415	0.091202	
6621.142908	0.033895	
6621.144696	0.084672	
6621.146176	0.022040	
6621.147957	0.118849	
6621.149433	0.011441	
6621.151194	0.129423	
6621.152691	-0.037885	
6621.154421	0.111920	
6621.155943	-0.021595	
6621.157675	0.135481	
6621.159207	-0.001848	
6621.160938	0.104749	
6621.162468	-0.018489	
6621.164167	0.139683	
6621.165721	-0.001469	
6621.167409	0.137161	
6621.168970	-0.021559	
6621.170644	0.153283	
6621.172237	-0.016503	
6621.173900	0.189151	
6621.175500	-0.009961	
6621.177150	0.143780	
6621.178748	-0.028262	
6621.180388	0.137685	
6621.182017	-0.057334	
6621.183637	0.118550	
6621.185307	-0.016414	
6621.186891	0.120299	
6621.188568	-0.010396	
6621.190046	-0.088686	
6621.191602	0.005906	
6621.193098	-0.015855	
6621.194652	-0.004756	
6621.196174	-0.079067	
6621.197758	0.045743	
6621.199318	-0.030679	
6621.200866	0.019558	
6621.202430	-0.009103	
6621.203914	0.008416	
6621.205580	0.006990	
6621.207072	0.041537	
6621.208696	-0.019122	
6621.210218	-0.026791	
6621.211848	0.007514	
6621.213329	-0.046824	
6621.214974	0.017943	
6621.216474	-0.082620	
6621.218104	0.054532	
6621.219608	-0.048971	
6621.221334	0.070146	
6621.222810	-0.078491	
6621.224516	0.111984	
6621.226015	-0.108776	
6621.227689	0.071061	
6621.229204	-0.098596	
6621.230853	0.069429	
6621.232439	-0.083220	
6621.234045	0.075173	
6621.235636	-0.055115	
6621.237206	0.046967	
6621.238808	-0.063429	
6621.240454	0.148098	
6621.242056	-0.079228	
6621.243685	0.118591	
6621.245313	-0.029760	
6621.246924	0.099488	
6621.248619	-0.019267	
6621.250198	0.076575	
6621.251881	-0.028604	
6621.253471	0.103750	
6621.255137	-0.018606	
6621.256726	0.071040	
6621.258400	-0.027480	
6621.259964	0.023313	
6621.261692	0.002507	
6621.263231	0.041263	
6621.264937	-0.001993	
6621.266458	0.001125	
6621.268191	0.049388	
6621.269665	-0.006356	
6621.271423	0.044796	
6621.272912	-0.019198	
6621.274702	0.104705	
6621.276178	-0.006694	
6621.277957	0.049271	
6621.279438	-0.056532	
6621.281211	0.064970	
6621.282703	-0.039831	
6621.284442	0.091867	
6621.285958	-0.014731	
6621.287707	0.087980	
6621.289229	-0.069705	
6621.290964	0.087178	
6621.292494	-0.035847	
6621.294208	0.068688	
6621.295756	-0.090886	
6621.297450	0.091847	
6621.299015	-0.068762	
6621.300701	0.109285	
6621.302271	-0.039952	
6621.303955	0.102111	
6621.305531	-0.104764	
6621.307194	0.109587	
6621.308789	-0.083148	
6621.310440	0.080169	
6621.312052	-0.038623	
6621.313663	0.105603	
6621.315302	-0.061306	
6621.316912	0.082094	
6621.318584	-0.090427	
6621.320179	0.063741	
6621.321825	-0.052710	
6621.323414	0.044562	
6621.325122	-0.026594	
6621.326677	0.023865	
6621.328401	-0.035348	
6621.329950	0.033964	
6621.331642	-0.035493	
6621.333189	-0.011806	
6621.334900	0.001395	
6621.336406	-0.040387	
6621.338163	-0.010815	
6621.339644	-0.025087	
6621.341422	0.012968	
6621.342903	-0.041825	
6621.344675	0.037118	
6621.346153	-0.009804	
6621.347933	0.038782	
6621.349413	-0.069600	
6621.351191	0.048309	
6621.352681	-0.061878	
6621.354442	0.083137	
6621.355972	-0.034800	
6621.357467	-0.036689	
6621.359062	-0.057282	
6621.360561	-0.035690	
6621.362220	-0.066829	
6621.363714	-0.045527	
6621.365355	-0.035404	
6621.366879	-0.087893	
6621.368506	-0.043392	
6621.369980	-0.077339	
6621.371628	-0.037366	
6621.373107	-0.089154	
6621.374744	-0.006726	
6621.376224	-0.123362	
6621.377853	-0.003540	
6621.379357	-0.065528	
6621.380929	0.007703	
6621.382475	-0.108699	
6621.384088	0.029871	
6621.385674	-0.111559	
6621.387267	-0.001618	
6621.388876	-0.094447	
6621.390445	0.023256	
6621.392058	-0.091716	
6621.393558	-0.039573	
6621.395263	-0.078998	
6621.396755	-0.020455	
6621.398450	-0.064166	
6621.399934	-0.103990	
6621.401641	-0.045668	
6621.403183	-0.012289	
6621.404873	-0.068348	
6621.406380	-0.049157	
6621.408153	0.004114	
6621.409637	-0.063667	
6621.411399	0.004271	
6621.412889	-0.084803	
6621.414674	-0.028286	
6621.416152	-0.098757	
6621.417942	0.005061	
6621.419417	-0.095474	
6621.421159	0.038524	
6621.422652	-0.095950	
6621.424418	0.055970	
6621.425933	-0.092808	
6621.427691	0.011776	
6621.429217	-0.110085	
6621.430954	0.036200	
6621.432484	-0.125977	
6621.434214	0.038061	
6621.435751	-0.109988	
6621.437458	0.053292	
6621.439009	-0.125610	
6621.440714	0.068023	
6621.442294	-0.167638	
6621.443987	0.047547	
6621.445575	-0.177632	
6621.447248	0.047785	
6621.448836	-0.163799	
6621.450500	0.052748	
6621.452105	-0.171666	
6621.453745	0.049988	
6621.455359	-0.116897	
6621.456997	0.059491	
6621.458622	-0.133510	
6621.460215	0.029718	
6621.461875	-0.103656	
6621.463463	0.027079	
6621.465158	-0.118432	
6621.466725	-0.017240	
6621.468423	-0.088823	
6621.469964	-0.006247	
6621.471660	-0.036753	
6621.473209	0.004315	
6621.474912	-0.048270	
6621.476456	-0.049765	
6621.478176	-0.046901	
6621.479656	-0.025236	
6621.481433	0.016159	
6621.482921	-0.023810	
6621.484706	-0.022948	
6621.486188	-0.062466	
6621.487979	-0.004060	
6621.489467	-0.055779	
6621.491250	0.001250	
6621.492728	-0.071123	
6621.494459	0.001052	
6621.495959	-0.069741	
6621.497697	0.012046	
6621.499218	-0.081085	
6621.500942	0.022616	
6621.502471	-0.102310	
6621.504180	0.040474	
6621.505733	-0.084151	
6621.507445	0.065046	
6621.508989	-0.086008	
6621.510690	0.048864	
6621.512299	-0.116091	
6621.513796	-0.052971	
6621.515432	-0.105247	
6621.516956	-0.094459	
6621.518607	-0.076968	
6621.520089	-0.090809	
6621.521732	-0.061254	
6621.523209	-0.107229	
6621.524847	-0.017869	
6621.526320	-0.145744	
6621.527956	-0.054253	
6621.529446	-0.128148	
6621.531041	-0.036310	
6621.532581	-0.132776	
6621.534133	-0.075812	
6621.535701	-0.122690	
6621.537291	-0.006904	
6621.538885	-0.134327	
6621.540453	-0.013860	
6621.542071	-0.130666	
6621.543610	-0.037579	
6621.545253	-0.102963	
6621.546729	-0.038989	
6621.548430	-0.096594	
6621.549907	-0.085504	
6621.551624	-0.052484	
6621.553117	-0.090540	
6621.554822	-0.005389	
6621.556302	-0.027509	
6621.558061	-0.010650	
6621.559547	-0.078269	
6621.561321	0.000956	
6621.562804	-0.106024	
6621.564569	-0.011532	
6621.566051	-0.048105	
6621.567817	-0.019830	
6621.569313	-0.118351	
6621.571068	0.030516	
6621.572576	-0.101452	
6621.574326	0.045799	
6621.575848	-0.139242	
6621.577576	0.023140	
6621.579104	-0.114532	
6621.580825	0.035974	
6621.582381	-0.124112	
6621.584090	0.037211	
6621.585643	-0.124768	
6621.587325	0.052256	
6621.588897	-0.135673	
6621.590576	0.068354	
6621.592177	-0.108784	
6621.593834	0.060043	
6621.595448	-0.136672	
6621.597093	0.047366	
6621.598684	-0.115386	
6621.600321	0.051745	
6621.601949	-0.146219	
6621.603581	0.034669	
6621.605258	-0.137224	
6621.606834	0.019043	
6621.608518	-0.110975	
6621.610105	0.005753	
6621.611749	-0.081081	
6621.613325	-0.006771	
6621.615018	-0.108961	
6621.616587	-0.015347	
6621.618282	-0.087845	
6621.619830	-0.039033	
6621.621541	-0.024286	
6621.623041	-0.042651	
6621.624789	-0.007911	
6621.626272	-0.047678	
6621.628036	-0.038530	
6621.629529	-0.066712	
6621.631318	-0.021595	
6621.632798	-0.056617	
6621.634564	0.003534	
6621.636042	-0.075735	
6621.637815	0.034677	
6621.639314	-0.120337	
6621.641058	0.021657	
6621.642570	-0.089198	
6621.644330	0.001890	
6621.645850	-0.115966	
6621.647580	0.039007	
6621.649115	-0.119592	
6621.650836	0.036804	
6621.652382	-0.125751	
6621.654090	0.048659	
6621.655641	-0.098931	
6621.657327	0.059991	
6621.658906	-0.123294	
6621.660591	0.059918	
6621.662174	-0.148080	
6621.663850	0.061965	
6621.665436	-0.091067	
6621.667076	0.058202	
6621.668693	-0.110665	
6621.670307	0.055979	
6621.671978	-0.078483	
6621.673464	-0.137385	
6621.675098	-0.055187	
6621.676567	-0.087873	
6621.678205	-0.016511	
6621.679688	-0.108462	
6621.681323	-0.028801	
6621.682823	-0.124643	
6621.684438	0.003026	
6621.685966	-0.116595	
6621.687527	-0.040754	
6621.689079	-0.069185	
6621.690588	-0.041648	
6621.692242	-0.058450	
6621.693735	-0.061741	
6621.695356	-0.099539	
6621.696871	-0.011242	
6621.698532	-0.079546	
6621.700017	-0.051791	
6621.701718	-0.022630	
6621.703204	-0.036588	
6621.704926	-0.024681	
6621.706405	-0.096679	
6621.708123	0.001270	
6621.709597	-0.095269	
6621.711305	0.008102	
6621.712785	-0.062116	
6621.714467	0.043177	
6621.715965	-0.135886	
6621.717638	0.031942	
6621.719174	-0.100175	
6621.720918	0.061090	
6621.722454	-0.077153	
6621.724162	0.072358	
6621.725702	-0.101404	
6621.727407	0.082674	
6621.728961	-0.089001	
6621.730644	0.078130	
6621.732209	-0.087623	
6621.733875	0.078908	
6621.735469	-0.115817	
6621.737135	0.080185	
6621.738729	-0.088413	
6621.740383	0.088149	
6621.741981	-0.108039	
6621.743621	0.052240	
6621.745261	-0.080356	
6621.746857	0.038987	
6621.748546	-0.101376	
6621.750125	0.028522	
6621.751803	-0.047485	
6621.753388	0.052514	
6621.755052	-0.057225	
6621.756620	0.037255	
6621.758341	-0.029156	
6621.759881	0.005129	
6621.761587	-0.037684	
6621.763106	-0.024382	
6621.764834	-0.024789	
6621.766337	-0.020342	
6621.768096	0.007502	
6621.769589	-0.017192	
6621.771370	-0.011210	
6621.772850	-0.067256	
6621.774640	0.048873	
6621.776121	-0.058168	
6621.777901	0.041033	
6621.779382	-0.072485	
6621.781152	0.057026	
6621.782657	-0.026961	
6621.784441	0.059407	
6621.785939	-0.033978	
6621.787676	0.063878	
6621.789191	-0.026066	
6621.790913	0.098546	
6621.792443	-0.089033	
6621.794156	0.063278	
6621.795697	-0.077629	
6621.797402	0.087726	
6621.798965	-0.066269	
6621.800670	0.088137	
6621.802234	-0.080908	
6621.803897	0.106300	
6621.805476	-0.044250	
6621.807140	0.112222	
6621.808740	-0.076243	
6621.810373	0.102171	
6621.811988	-0.027637	
6621.813617	0.091222	
6621.815259	-0.109743	
6621.816869	0.058907	
6621.818537	-0.069846	
6621.820125	0.067077	
6621.821811	-0.035235	
6621.823380	0.055386	
6621.825082	-0.010267	
6621.826643	0.057622	
6621.828345	-0.018807	
6621.829903	0.030193	
6621.831588	-0.001784	
6621.833080	-0.072332	
6621.834634	-0.036983	
6621.836140	-0.066309	
6621.837732	0.044345	
6621.839261	-0.047735	
6621.840825	0.005270	
6621.842366	-0.046361	
6621.843855	-0.035779	
6621.845528	-0.023677	
6621.847025	0.010732	
6621.848667	-0.043078	
6621.850192	-0.050059	
6621.851814	-0.014038	
6621.853300	-0.027428	
6621.854945	0.000782	
6621.856422	-0.018159	
6621.858128	0.058746	
6621.859619	-0.068835	
6621.861324	0.052865	
6621.862804	-0.086809	
6621.864507	0.054077	
6621.865994	-0.063663	
6621.867676	0.106518	
6621.869207	-0.059433	
6621.870861	0.104479	
6621.872407	-0.041346	
6621.874036	0.079202	
6621.875591	-0.046107	
6621.877269	0.120343	
6621.878840	-0.031210	
6621.880513	0.114220	
6621.882108	-0.085810	
6621.883769	0.103690	
6621.885387	-0.059397	
6621.887028	0.116190	
6621.888646	-0.045483	
6621.890284	0.109825	
6621.891917	-0.031782	
6621.893535	0.086783	
6621.895201	-0.041825	
6621.896787	0.089377	
6621.898460	-0.047094	
6621.900030	0.075379	
6621.901723	-0.027464	
6621.903290	0.064357	
6621.904970	0.003437	
6621.906513	0.054673	
6621.908219	0.022922	
6621.909746	0.043309	
6621.911483	0.061082	
6621.912980	0.043064	
6621.914753	0.047124	
6621.916237	0.041452	
6621.918016	0.050689	
6621.919502	0.014769	
6621.921265	0.048180	
6621.922751	-0.009067	
6621.924531	0.091311	
6621.926009	-0.004974	
6621.927770	0.075181	
6621.929263	0.008835	
6621.930988	0.091327	
6621.932507	-0.041100	
6621.934220	0.117563	
6621.935746	-0.046707	
6621.937464	0.146966	
6621.939022	-0.018670	
6621.940748	0.140187	
6621.942304	-0.048435	
6621.944008	0.123679	
6621.945575	0.000730	
6621.947266	0.135941	
6621.948849	-0.049052	
6621.950495	0.139413	
6621.952094	-0.007411	
6621.953740	0.132396	
6621.955348	-0.024358	
6621.956980	0.142322	
6621.958582	0.025907	
6621.960212	0.114615	
6621.961874	0.009403	
6621.963455	0.135357	
6621.965113	-0.030985	
6621.966682	0.089526	
6621.968380	-0.005961	
6621.969962	0.065965	
6621.971647	-0.018066	
6621.973205	0.076825	
6621.974943	0.009572	
6621.976470	0.073236	
6621.978174	0.039587	
6621.979677	0.081949	
6621.981441	0.028517	
6621.982930	0.057723	
6621.984697	0.071850	
6621.986189	0.069981	
6621.987982	0.068571	
6621.989465	-0.050260	
6621.990965	0.022882	
6621.992536	-0.029100	
6621.994098	0.052301	
6621.995697	-0.015045	
6621.997195	0.039382	
6621.998855	0.011357	
6622.000351	0.015542	
6622.001973	0.011461	
6622.003494	-0.010481	
6622.005157	0.031047	
6622.006642	-0.014026	
6622.008317	0.050258	
6622.009789	-0.045302	
6622.011432	0.043100	
6622.012915	0.035482	
6622.014636	0.096830	
6622.016121	-0.046760	
6622.017804	0.086066	
6622.019301	-0.032483	
6622.020984	0.106280	
6622.022508	-0.019585	
6622.024148	0.122466	
6622.025691	-0.021261	
6622.027328	0.086694	
6622.028902	-0.033273	
6622.030490	0.082569	
6622.032091	-0.011911	
6622.033745	0.151732	
6622.035347	-0.016576	
6622.036964	0.146624	
6622.038589	0.020771	
6622.040195	0.138144	
6622.041865	0.005190	
6622.043466	0.113890	
6622.045118	-0.043477	
6622.046719	0.098026	
6622.048403	-0.002553	
6622.049970	0.089941	
6622.051662	-0.005957	
6622.053205	0.065522	
6622.054898	0.005479	
6622.056448	0.063467	
6622.058149	0.044369	
6622.059661	0.046294	
6622.061400	0.051008	
6622.062892	0.050951	
6622.064678	0.098167	
6622.066164	0.029831	
6622.067955	0.058581	
6622.069434	0.021581	
6622.071203	0.122953	
6622.072683	0.015397	
6622.074447	0.098042	
6622.075942	0.000996	
6622.077690	0.104471	
6622.079206	-0.007161	
6622.080930	0.126962	
6622.082446	-0.037644	
6622.084156	0.104479	
6622.085692	-0.020411	
6622.087409	0.147740	
6622.088959	-0.045704	
6622.090633	0.154922	
6622.092212	-0.010332	
6622.093903	0.147812	
6622.095488	-0.018058	
6622.097151	0.138031	
6622.098745	-0.058039	
6622.100386	0.128944	
6622.101994	-0.030260	
6622.103608	0.150483	
6622.105229	-0.023041	
6622.106850	0.112472	
6622.108530	0.021218	
6622.110134	0.108468	
6622.111789	-0.009385	
6622.113369	0.104210	
6622.115050	0.012308	
6622.116608	0.101696	
6622.118321	0.029017	
6622.119874	0.101410	
6622.121572	0.025839	
6622.123128	0.052881	
6622.124855	0.043946	
6622.126396	0.047064	
6622.128144	-0.008547	
6622.129652	0.024558	
6622.131408	0.042298	
6622.132891	0.020598	
6622.134678	0.083210	
6622.136164	0.030270	
6622.137938	0.059415	
6622.139424	0.024719	
6622.141202	0.081578	
6622.142702	-0.030288	
6622.144199	-0.031879	
6622.145778	-0.021474	
6622.147322	0.061469	
6622.148951	0.000589	
6622.150456	0.036397	
6622.152110	0.004509	
6622.153603	-0.011568	
6622.155262	0.003091	
6622.156745	-0.022964	
6622.158387	0.041243	
6622.159867	-0.033760	
6622.161518	0.047604	
6622.163003	-0.006279	
6622.164639	0.071238	
6622.166111	-0.042594	
6622.167721	0.021472	
6622.169226	-0.032866	
6622.170901	0.086272	
6622.172443	-0.052033	
6622.174065	0.106840	
6622.175642	-0.034598	
6622.177221	0.083625	
6622.178821	-0.078918	
6622.180387	0.088028	
6622.181991	-0.009735	
6622.183506	0.036892	
6622.185174	0.000420	
6622.186663	0.034572	
6622.188365	0.006583	
6622.189933	0.112029	
6622.191632	0.035466	
6622.193180	0.068108	
6622.194875	0.004106	
6622.196416	0.040288	
6622.198124	0.012606	
6622.199634	0.034777	
6622.201397	0.033867	
6622.202885	0.046250	
6622.204684	0.049195	
6622.206163	0.024211	
6622.207945	0.055124	
6622.209422	0.000658	
6622.211194	0.037915	
6622.212671	-0.030812	
6622.214403	0.072217	
6622.215916	-0.028459	
6622.217669	0.104057	
6622.219184	-0.028463	
6622.220926	0.110647	
6622.222450	-0.058112	
6622.224180	0.129479	
6622.225724	-0.045841	
6622.227440	0.096757	
6622.228984	-0.064964	
6622.230687	0.128927	
6622.232251	-0.045418	
6622.233945	0.101088	
6622.235513	-0.043513	
6622.237189	0.131864	
6622.238756	-0.062813	
6622.240427	0.115610	
6622.242036	-0.052037	
6622.243672	0.112343	
6622.245290	-0.078914	
6622.246931	0.100866	
6622.248556	-0.066378	
6622.250183	0.090687	
6622.251854	-0.002489	
6622.253450	0.111650	
6622.255124	-0.049616	
6622.256701	0.078380	
6622.258402	-0.004096	
6622.259978	0.061014	
6622.261666	0.008372	
6622.263244	0.075149	
6622.264931	0.027643	
6622.266492	0.060196	
6622.268193	0.040038	
6622.269737	0.049364	
6622.271460	0.009810	
6622.272972	0.027849	
6622.274722	0.056422	
6622.276211	0.000734	
6622.277993	0.041029	
6622.279486	0.008074	
6622.281266	0.041956	
6622.282746	-0.027585	
6622.284547	0.028578	
6622.286026	0.027643	
6622.287804	0.051048	
6622.289293	-0.005252	
6622.291037	0.100395	
6622.292546	0.004259	
6622.294269	0.081103	
6622.295784	-0.022167	
6622.297486	0.090441	
6622.299021	-0.073540	
6622.300743	0.088193	
6622.302343	-0.056101	
6622.303828	0.004980	
6622.305489	-0.034949	
6622.306976	-0.005316	
6622.308614	-0.047936	
6622.310127	-0.044472	
6622.311778	-0.029583	
6622.313254	-0.046268	
6622.314898	-0.034139	
6622.316369	-0.063413	
6622.318009	0.022507	
6622.319493	-0.052770	
6622.321123	0.032675	
6622.322645	-0.048089	
6622.324220	0.005685	
6622.325748	-0.097670	
6622.327353	0.026644	
6622.328930	-0.065391	
6622.330548	0.052067	
6622.332135	-0.079558	
6622.333728	0.017532	
6622.335345	-0.044625	
6622.336888	0.034858	
6622.338560	-0.070023	
6622.340043	0.028131	
6622.341774	-0.008217	
6622.343248	0.032493	
6622.344979	-0.025933	
6622.346448	-0.011879	
6622.348141	0.010015	
6622.349657	0.029730	
6622.351399	-0.004934	
6622.352893	-0.000204	
6622.354649	0.021399	
6622.356131	-0.004865	
6622.357905	0.046995	
6622.359385	-0.012958	
6622.361170	0.044635	
6622.362647	-0.023605	
6622.364422	0.040627	
6622.365915	-0.031323	
6622.367677	0.027547	
6622.369195	-0.048766	
6622.370928	0.057280	
6622.372452	-0.024536	
6622.374177	0.094924	
6622.375705	-0.065407	
6622.377414	0.055757	
6622.378977	-0.082817	
6622.380667	0.069413	
6622.382227	-0.110162	
6622.383899	0.095436	
6622.385482	-0.055026	
6622.387172	0.106220	
6622.388753	-0.035195	
6622.390432	0.115940	
6622.392035	-0.061600	
6622.393665	0.089285	
6622.395289	-0.077444	
6622.396919	0.078066	
6622.398556	-0.069765	
6622.400157	0.062102	
6622.401803	-0.062716	
6622.403411	0.044764	
6622.405085	-0.074386	
6622.406661	0.047487	
6622.408346	-0.051420	
6622.409899	0.021283	
6622.411613	-0.071768	
6622.413170	0.019780	
6622.414861	-0.023573	
6622.416418	0.017552	
6622.418139	-0.025128	
6622.419664	0.007026	
6622.421400	0.027281	
6622.422889	0.011941	
6622.424678	0.000787	
6622.426161	-0.019476	
6622.427943	0.014136	
6622.429427	-0.022892	
6622.431231	0.010205	
6622.432710	-0.021482	
6622.434497	0.043898	
6622.435978	-0.019315	
6622.437729	0.035668	
6622.439223	-0.075538	
6622.440968	0.033464	
6622.442481	-0.075304	
6622.444229	0.037964	
6622.445762	-0.089826	
6622.447509	0.055705	
6622.449041	-0.052879	
6622.450755	0.045614	
6622.452294	-0.060150	
6622.454016	0.038862	
6622.455572	-0.109110	
6622.457265	0.071919	
6622.458885	-0.076505	
6622.460373	-0.052520	
6622.461986	-0.052512	
6622.463507	-0.082386	
6622.465140	-0.055719	
6622.466617	-0.031347	
6622.468267	-0.007411	
6622.469755	-0.105275	
6622.471386	-0.003097	
6622.472880	-0.088759	
6622.474497	0.000992	
6622.475997	-0.082386	
6622.477594	0.006023	
6622.479110	-0.093372	
6622.480657	-0.041293	
6622.482234	-0.112305	
6622.483831	0.006684	
6622.485432	-0.101106	
6622.486993	0.003131	
6622.488615	-0.108039	
6622.490140	-0.005570	
6622.491813	-0.045225	
6622.493288	-0.041809	
6622.495024	-0.056367	
6622.496498	-0.072166	
6622.498209	-0.070781	
6622.499683	-0.108647	
6622.501384	0.003582	
6622.502867	-0.085238	
6622.504564	0.018495	
6622.506057	-0.052557	
6622.507868	0.007252	
6622.509352	-0.044818	
6622.511150	0.016735	
6622.512629	-0.067937	
6622.514388	0.030173	
6622.515886	-0.113956	
6622.517605	0.024384	
6622.519123	-0.098447	
6622.520852	0.037726	
6622.522388	-0.076038	
6622.524078	0.083121	
6622.525629	-0.068138	
6622.527336	0.055245	
6622.528896	-0.102451	
6622.530570	0.057795	
6622.532140	-0.182736	
6622.533808	0.047479	
6622.535402	-0.125779	
6622.537062	0.062968	
6622.538648	-0.129409	
6622.540295	0.058645	
6622.541890	-0.068638	
6622.543526	0.065844	
6622.545169	-0.091671	
6622.546759	0.044059	
6622.548438	-0.067252	
6622.550005	0.029251	
6622.551706	-0.060206	
6622.553293	0.018173	
6622.554952	-0.081262	
6622.556514	-0.003153	
6622.558210	-0.036040	
6622.559741	0.013568	
6622.561480	-0.069721	
6622.563008	-0.033285	
6622.564741	-0.041100	
6622.566224	-0.037317	
6622.567994	-0.036749	
6622.569481	-0.006843	
6622.571252	-0.013579	
6622.572732	-0.057403	
6622.574526	0.010809	
6622.576006	-0.060670	
6622.577769	0.014809	
6622.579262	-0.093029	
6622.581008	-0.001776	
6622.582507	-0.096590	
6622.584224	0.025367	
6622.585745	-0.125095	
6622.587500	0.038355	
6622.589028	-0.124631	
6622.590740	0.058130	
6622.592281	-0.077589	
6622.593974	0.046725	
6622.595528	-0.141462	
6622.597215	0.057670	
6622.598803	-0.146856	
6622.600490	0.058661	
6622.602062	-0.127544	
6622.603736	0.058529	
6622.605328	-0.119104	
6622.606988	0.050250	
6622.608593	-0.081286	
6622.610218	0.049606	
6622.611856	-0.094922	
6622.613457	0.038218	
6622.615147	-0.089839	
6622.616624	-0.134299	
6622.618186	-0.059256	
6622.619687	-0.084102	
6622.621329	-0.052403	
6622.622822	-0.135057	
6622.624460	-0.026179	
6622.625967	-0.115934	
6622.627539	-0.032028	
6622.629077	-0.093351	
6622.630624	-0.039307	
6622.632241	-0.066478	
6622.633729	-0.064682	
6622.635381	-0.074237	
6622.636876	-0.064392	
6622.638510	-0.047489	
6622.639999	-0.038417	
6622.641697	-0.048774	
6622.643179	-0.030360	
6622.644927	-0.069721	
6622.646394	-0.080525	
6622.648118	-0.016580	
6622.649601	-0.132229	
6622.651314	-0.018606	
6622.652792	-0.108546	
6622.654490	-0.007210	
6622.655974	-0.156765	
6622.657634	0.037533	
6622.659155	-0.130654	
6622.660804	0.011228	
6622.662350	-0.114077	
6622.664077	0.055890	
6622.665617	-0.077170	
6622.667327	0.029198	
6622.668882	-0.121650	
6622.670562	0.080160	
6622.672140	-0.147854	
6622.673811	0.076612	
6622.675402	-0.142263	
6622.677060	0.054206	
6622.678649	-0.102818	
6622.680293	0.057018	
6622.681891	-0.107011	
6622.683513	0.027406	
6622.685159	-0.118661	
6622.686764	0.025722	
6622.688459	-0.123048	
6622.690042	0.037444	
6622.691713	-0.082128	
6622.693289	0.005040	
6622.694952	-0.056955	
6622.696521	0.005757	
6622.698232	-0.035762	
6622.699774	0.006922	
6622.701480	-0.050985	
6622.703014	0.035756	
6622.704757	-0.030755	
6622.706271	-0.012817	
6622.707997	-0.008704	
6622.709478	-0.047727	
6622.711252	-0.005820	
6622.712744	-0.041604	
6622.714511	0.007824	
6622.715983	-0.076795	
6622.717748	0.010003	
6622.719242	-0.078886	
6622.721001	0.020340	
6622.722510	-0.081943	
6622.724240	0.039692	
6622.725767	-0.056444	
6622.727510	0.043035	
6622.729038	-0.080050	
6622.730741	0.041690	
6622.732280	-0.093307	
6622.733988	0.050415	
6622.735542	-0.098906	
6622.737259	0.064551	
6622.738831	-0.117102	
6622.740498	0.079097	
6622.742076	-0.055916	
6622.743734	0.053300	
6622.745331	-0.110975	
6622.746979	0.077022	
6622.748596	-0.094773	
6622.750231	0.064289	
6622.751857	-0.103414	
6622.753460	0.047338	
6622.755136	-0.046349	
6622.756739	0.024110	
6622.758403	-0.080561	
6622.759998	0.037787	
6622.761687	-0.099148	
6622.763255	0.021206	
6622.764966	-0.079687	
6622.766518	-0.001763	
6622.768215	-0.092683	
6622.769764	0.007752	
6622.771448	-0.064903	
6622.772980	-0.016084	
6622.774709	0.029484	
6622.776223	-0.090580	
6622.777785	-0.101883	
6622.779299	-0.091285	
6622.780883	-0.035344	
6622.782410	-0.113791	
6622.783958	-0.012342	
6622.785559	-0.102101	
6622.787054	-0.034373	
6622.788699	-0.086072	
6622.790200	-0.070277	
6622.791872	-0.054498	
6622.793366	-0.096223	
6622.794997	-0.055715	
6622.796478	-0.091265	
6622.798126	-0.046494	
6622.799615	-0.026397	
6622.801311	0.003059	
6622.802788	-0.068871	
6622.804495	0.005483	
6622.805978	-0.082576	
6622.807652	0.039926	
6622.809156	-0.085423	
6622.810826	0.017931	
6622.812355	-0.118706	
6622.813993	0.022531	
6622.815568	-0.083921	
6622.817159	0.001008	
6622.818733	-0.105356	
6622.820394	0.076334	
6622.821986	-0.116252	
6622.823645	0.074477	
6622.825254	-0.073967	
6622.826869	0.081575	
6622.828503	-0.101589	
6622.830127	0.067971	
6622.831791	-0.085287	
6622.833382	0.029790	
6622.835026	-0.065395	
6622.836618	0.053324	
6622.838307	-0.055376	
6622.839864	0.012948	
6622.841575	-0.018868	
6622.843121	0.037388	
6622.844819	-0.022791	
6622.846383	0.017540	
6622.848092	-0.017716	
6622.849631	-0.017055	
6622.851380	-0.013921	
6622.852874	0.023631	
6622.854653	-0.040057	
6622.856130	-0.040943	
6622.857907	0.027337	
6622.859383	-0.055723	
6622.861164	0.007159	
6622.862645	-0.045459	
6622.864442	0.032630	
6622.865924	-0.033345	
6622.867687	0.013879	
6622.869187	-0.049692	
6622.870946	0.066923	
6622.872457	-0.051884	
6622.874198	0.070170	
6622.875724	-0.022179	
6622.877453	0.059842	
6622.878993	-0.103051	
6622.880705	0.065626	
6622.882249	-0.109078	
6622.883944	0.065961	
6622.885492	-0.056021	
6622.887175	0.075085	
6622.888744	-0.112147	
6622.890414	0.096238	
6622.892011	-0.066732	
6622.893670	0.068261	
6622.895261	-0.114996	
6622.896904	0.071234	
6622.898497	-0.103611	
6622.900118	0.046629	
6622.901773	-0.034651	
6622.903360	0.068636	
6622.905046	-0.045024	
6622.906627	0.040167	
6622.908329	-0.054651	
6622.909908	0.005995	
6622.911569	-0.031456	
6622.913129	0.001000	
6622.914841	-0.020660	
6622.916380	0.007602	
6622.918083	0.007615	
6622.919592	0.022938	
6622.921344	-0.019105	
6622.922822	0.010873	
6622.924597	0.016030	
6622.926076	-0.025659	
6622.927853	0.030519	
6622.929351	-0.062498	
6622.930837	-0.068505	
6622.932433	-0.090004	
6622.933985	-0.045829	
6622.935571	-0.049483	
6622.937062	0.014672	
6622.938714	-0.036935	
6622.940225	-0.026368	
6622.941840	-0.005941	
6622.943364	-0.084618	
6622.944994	-0.034224	
6622.946486	-0.105734	
6622.948123	0.006035	
6622.949603	-0.083659	
6622.951235	0.007945	
6622.952716	-0.066543	
6622.954329	0.026528	
6622.955818	-0.121807	
6622.957488	0.065493	
6622.959015	-0.090608	
6622.960650	0.056172	
6622.962225	-0.079776	
6622.963819	0.043958	
6622.965423	-0.091079	
6622.966998	0.011659	
6622.968614	-0.052552	
6622.970137	-0.005614	
6622.971824	-0.085593	
6622.973304	-0.003101	
6622.975010	-0.025796	
6622.976495	-0.034389	
6622.978224	-0.044117	
6622.979774	0.002942	
6622.981477	-0.038876	
6622.983014	0.018821	
6622.984737	-0.034026	
6622.986250	0.001528	
6622.987992	-0.012902	
6622.989474	0.003759	
6622.991243	0.050053	
6622.992737	-0.004978	
6622.994535	0.005653	
6622.996016	-0.029305	
6622.997789	0.038379	
6622.999272	-0.038187	
6623.001041	0.046351	
6623.002536	-0.058990	
6623.004269	0.054967	
6623.005787	-0.084703	
6623.007532	0.063660	
6623.009049	0.007236	
6623.010770	0.070992	
6623.012303	-0.035130	
6623.013995	0.097434	
6623.015548	-0.054083	
6623.017238	0.059616	
6623.018798	-0.114705	
6623.020472	0.085925	
6623.022054	-0.104123	
6623.023728	0.072293	
6623.025315	-0.101839	
6623.026983	0.083480	
6623.028574	-0.091893	
6623.030209	0.094223	
6623.031843	-0.048621	
6623.033459	0.085478	
6623.035116	-0.053817	
6623.036734	0.071475	
6623.038383	-0.017425	
6623.039980	0.082517	
6623.041664	-0.004442	
6623.043240	0.074287	
6623.044931	-0.033426	
6623.046484	0.046117	
6623.048205	-0.008390	
6623.049738	0.001568	
6623.051434	-0.043316	
6623.052957	0.012352	
6623.054692	-0.023436	
6623.056201	-0.022086	
6623.057987	-0.009582	
6623.059462	-0.033913	
6623.061242	0.013681	
6623.062723	0.001681	
6623.064510	0.064406	
6623.065991	-0.023468	
6623.067766	0.047386	
6623.069254	-0.020535	
6623.071024	0.060780	
6623.072519	-0.062905	
6623.074281	0.067105	
6623.075791	-0.075611	
6623.077540	0.052248	
6623.079074	-0.081854	
6623.080811	0.069925	
6623.082344	-0.022658	
6623.084067	0.094167	
6623.085608	-0.032475	
6623.087312	0.083270	
6623.088861	-0.045604	
6623.090554	0.095811	
6623.092173	-0.066003	
6623.093657	-0.014424	
6623.095299	-0.042703	
6623.096799	-0.043638	
6623.098448	-0.036616	
6623.099921	-0.044738	
6623.101575	-0.011879	
6623.103049	-0.047066	
6623.104693	0.007103	
6623.106166	-0.080275	
6623.107790	0.019925	
6623.109294	-0.088928	
6623.110870	-0.017849	
6623.112418	-0.046143	
6623.113961	-0.026348	
6623.115517	-0.044315	
6623.117102	0.020505	
6623.118720	-0.053761	
6623.120301	0.045158	
6623.121922	-0.053100	
6623.123461	0.031917	
6623.125125	-0.040665	
6623.126616	-0.005949	
6623.128295	-0.047493	
6623.129779	-0.014146	
6623.131482	-0.004301	
6623.132964	-0.049644	
6623.134677	0.013435	
6623.136150	0.029778	
6623.137946	0.030705	
6623.139427	0.000537	
6623.141200	0.019832	
6623.142682	-0.008821	
6623.144449	0.044256	
6623.145932	-0.014731	
6623.147722	0.053703	
6623.149212	-0.026981	
6623.150984	0.070247	
6623.152490	-0.027045	
6623.154227	0.082175	
6623.155746	-0.091772	
6623.157476	0.071403	
6623.159011	-0.044427	
6623.160743	0.092930	
6623.162278	-0.058704	
6623.163998	0.106316	
6623.165542	-0.082668	
6623.167239	0.082940	
6623.168797	-0.065363	
6623.170470	0.106389	
6623.172044	-0.064976	
6623.173695	0.116033	
6623.175286	-0.087539	
6623.176954	0.076398	
6623.178553	-0.081178	
6623.180206	0.096503	
6623.181826	-0.098552	
6623.183437	0.078017	
6623.185116	-0.062378	
6623.186693	0.088004	
6623.188378	-0.053588	
6623.189974	0.097474	
6623.191636	-0.031964	
6623.193220	0.039019	
6623.194922	-0.022972	
6623.196483	0.031970	
6623.198199	-0.024024	
6623.199738	0.012827	
6623.201460	-0.036153	
6623.203026	0.026737	
6623.204745	-0.003411	
6623.206294	0.034153	
6623.208031	0.015156	
6623.209537	0.004311	
6623.211266	0.017967	
6623.212747	-0.006614	
6623.214525	0.054951	
6623.216008	-0.021917	
6623.217780	0.045271	
6623.219257	-0.027625	
6623.221037	0.032828	
6623.222535	-0.038224	
6623.224289	0.071935	
6623.225793	-0.056690	
6623.227534	0.064668	
6623.229041	-0.018872	
6623.230766	0.082662	
6623.232293	-0.098572	
6623.234032	0.062935	
6623.235575	-0.066184	
6623.237285	0.111863	
6623.238846	-0.102250	
6623.240552	0.104701	
6623.242106	-0.088118	
6623.243788	0.104326	
6623.245364	-0.092505	
6623.247021	0.086586	
6623.248653	-0.064992	
6623.250156	-0.115648	
6623.251754	-0.021599	
6623.253246	-0.058712	
6623.254886	0.008295	
6623.256361	-0.082088	
6623.257992	0.017947	
6623.259477	-0.128313	
6623.261119	0.020884	
6623.262627	-0.098927	
6623.264221	0.012066	
6623.265768	-0.066124	
6623.267314	-0.003616	
6623.268899	-0.052544	
6623.270389	-0.018642	
6623.272064	-0.052613	
6623.273564	-0.025019	
6623.275203	-0.043440	
6623.276728	0.012686	
6623.278398	-0.072009	
6623.279881	-0.026042	
6623.281597	-0.012306	
6623.283070	-0.032528	
6623.284812	-0.018936	
6623.286286	-0.032467	
6623.287983	0.030689	
6623.289463	-0.083454	
6623.291168	0.043998	
6623.292647	-0.055944	
6623.294327	0.038093	
6623.295818	-0.050184	
6623.297578	0.062746	
6623.299090	-0.065056	
6623.300839	0.068724	
6623.302359	-0.055574	
6623.304094	0.061719	
6623.305621	-0.066720	
6623.307342	0.112460	
6623.308890	-0.077149	
6623.310590	0.082586	
6623.312155	-0.080489	
6623.313832	0.097305	
6623.315403	-0.099414	
6623.317080	0.089522	
6623.318658	-0.095869	
6623.320330	0.090111	
6623.321933	-0.070442	
6623.323561	0.107666	
6623.325167	-0.070301	
6623.326788	0.084709	
6623.328436	-0.090068	
6623.330040	0.056043	
6623.331717	-0.082318	
6623.333316	0.053014	
6623.334988	-0.093307	
6623.336573	0.053469	
6623.338272	-0.061814	
6623.339821	0.033166	
6623.341519	0.000331	
6623.343089	0.028936	
6623.344782	-0.021816	
6623.346351	0.014245	
6623.348078	-0.005453	
6623.349612	0.017556	
6623.351339	-0.032008	
6623.352840	0.000323	
6623.354598	-0.006436	
6623.356080	-0.021877	
6623.357842	0.033883	
6623.359327	-0.032326	
6623.361125	0.008561	
6623.362605	-0.020789	
6623.364388	0.037275	
6623.365870	-0.059324	
6623.367641	0.060418	
6623.369145	-0.055018	
6623.370886	0.056434	
6623.372398	-0.069903	
6623.374146	0.084064	
6623.375676	-0.060130	
6623.377403	0.093921	
6623.378933	-0.065866	
6623.380648	0.098026	
6623.382205	-0.082970	
6623.383890	0.099513	
6623.385448	-0.093295	
6623.387141	0.114341	
6623.388724	-0.055622	
6623.390399	0.108387	
6623.391987	-0.083232	
6623.393651	0.088825	
6623.395233	-0.074467	
6623.396891	0.099726	
6623.398517	-0.065403	
6623.400136	0.094715	
6623.401782	-0.052464	
6623.403381	0.071544	
6623.405046	-0.024346	
6623.406528	-0.091007	
6623.408095	-0.008108	
6623.409606	-0.062293	
6623.411157	-0.020652	
6623.412672	-0.057600	
6623.414255	0.006434	
6623.415782	-0.046977	
6623.417342	0.000170	
6623.418886	-0.087434	
6623.420387	0.004851	
6623.422044	-0.048089	
6623.423529	-0.001256	
6623.425161	-0.030308	
6623.426685	-0.039344	
6623.428305	-0.042462	
6623.429783	-0.041894	
6623.431434	0.001802	
6623.432922	-0.087752	
6623.434532	0.028993	
6623.436038	-0.083486	
6623.437753	0.043680	
6623.439233	-0.081101	
6623.440923	0.045453	
6623.442425	-0.067904	
6623.444099	0.045175	
6623.445627	-0.081875	
6623.447274	0.070871	
6623.448843	-0.054035	
6623.450445	0.050129	
6623.452046	-0.026058	
6623.453600	0.051463	
6623.455210	-0.087281	
6623.456845	0.097422	
6623.458468	-0.025494	
6623.460097	0.075379	
6623.461730	-0.091853	
6623.463339	0.059874	
6623.465016	-0.027641	
6623.466591	0.050524	
6623.468283	-0.048427	
6623.469846	0.040200	
6623.471557	-0.033768	
6623.473126	0.050423	
6623.474803	0.019256	
6623.476367	0.028248	
6623.478078	-0.026018	
6623.479618	0.022153	
6623.481355	-0.053765	
6623.482877	0.016819	
6623.484623	-0.003757	
6623.486116	-0.030751	
6623.487884	0.006060	
6623.489384	-0.014098	
6623.491163	0.009129	
6623.492635	-0.011754	
6623.494412	0.019023	
6623.495887	-0.055469	
6623.497653	0.032256	
6623.499149	-0.045918	
6623.500878	0.044607	
6623.502394	-0.046784	
6623.504159	0.061054	
6623.505679	-0.060561	
6623.507406	0.061598	
6623.508944	-0.084686	
6623.510655	0.054174	
6623.512192	-0.086169	
6623.513898	0.084769	
6623.515460	-0.116458	
6623.517155	0.072559	
6623.518737	-0.065081	
6623.520417	0.105301	
6623.521998	-0.088968	
6623.523657	0.112153	
6623.525241	-0.114903	
6623.526909	0.079625	
6623.528521	-0.095482	
6623.530145	0.080950	
6623.531779	-0.084134	
6623.533422	0.077220	
6623.535079	-0.082318	
6623.536669	0.042258	
6623.538334	-0.036290	
6623.539928	0.064120	
6623.541614	-0.054486	
6623.543177	0.030947	
6623.544876	-0.067925	
6623.546441	0.065800	
6623.548157	-0.037112	
6623.549709	0.022402	
6623.551414	-0.011387	
6623.552975	0.010757	
6623.554697	-0.010477	
6623.556227	0.004529	
6623.557940	0.039607	
6623.559415	0.016964	
6623.561197	0.029726	
6623.562679	-0.003065	
6623.564420	0.053078	
6623.565911	-0.039046	
6623.567674	0.067765	
6623.569199	-0.071510	
6623.570694	-0.054716	
6623.572257	-0.039392	
6623.573774	-0.007484	
6623.575389	-0.026715	
6623.576889	-0.032117	
6623.578518	-0.021381	
6623.580034	-0.042490	
6623.581672	-0.018856	
6623.583166	-0.083425	
6623.584833	-0.021961	
6623.586308	-0.101774	
6623.587955	0.025158	
6623.589440	-0.093448	
6623.591088	-0.016233	
6623.592567	-0.093645	
6623.594167	0.015877	
6623.595686	-0.091877	
6623.597354	0.058746	
6623.598887	-0.103253	
6623.600497	0.034238	
6623.602087	-0.057769	
6623.603660	0.037086	
6623.605277	-0.061910	
6623.606821	0.043035	
6623.608445	-0.074886	
6623.609923	0.005971	
6623.611631	-0.013840	
6623.613105	-0.000817	
6623.614823	-0.007286	
6623.616378	0.030697	
6623.618100	0.010060	
6623.619641	0.034661	
6623.621361	0.020058	
6623.622864	0.018390	
6623.624612	0.003747	
6623.626099	0.023011	
6623.627852	0.014346	
6623.629343	-0.000926	
6623.631104	0.048164	
6623.632580	-0.012676	
6623.634361	0.055930	
6623.635837	-0.037942	
6623.637603	0.039970	
6623.639101	-0.071756	
6623.640844	0.094562	
6623.642355	-0.039964	
6623.644077	0.064760	
6623.645613	-0.030675	
6623.647347	0.093599	
6623.648884	-0.071030	
6623.650598	0.080185	
6623.652144	-0.049201	
6623.653848	0.101378	
6623.655410	-0.071478	
6623.657090	0.102949	
6623.658676	-0.071204	
6623.660347	0.082964	
6623.661943	-0.086415	
6623.663601	0.099118	
6623.665203	-0.085843	
6623.666853	0.079621	
6623.668468	-0.065753	
6623.670108	0.090529	
6623.671746	-0.075703	
6623.673351	0.065977	
6623.675037	-0.017128	
6623.676632	0.055362	
6623.678304	-0.046236	
6623.679896	0.054826	
6623.681578	-0.039042	
6623.683146	0.028239	
6623.684854	0.014950	
6623.686423	0.047132	
6623.688125	-0.029676	
6623.689671	0.041980	
6623.691379	-0.019536	
6623.692926	0.013157	
6623.694662	-0.027754	
6623.696162	0.021017	
6623.697919	0.030334	
6623.699404	-0.012173	
6623.701193	0.042113	
6623.702684	0.005790	
6623.704455	0.026894	
6623.705953	-0.043183	
6623.707732	0.064583	
6623.709210	-0.037861	
6623.710995	0.027192	
6623.712476	-0.010513	
6623.714234	0.064418	
6623.715746	-0.076767	
6623.717496	0.053868	
6623.719013	-0.069322	
6623.720751	0.049783	
6623.722286	-0.062889	
6623.724000	0.090034	
6623.725541	-0.069077	
6623.727070	-0.067763	
6623.728660	-0.072936	
6623.730157	-0.013977	
6623.731767	-0.018775	
6623.733296	-0.043303	
6623.734935	-0.012165	
6623.736417	-0.068295	
6623.738073	-0.010545	
6623.739557	-0.082310	
6623.741192	-0.001264	
6623.742672	-0.085045	
6623.744289	0.006777	
6623.745778	-0.055364	
6623.747351	0.016146	
6623.748900	-0.034236	
6623.750408	0.002043	
6623.752040	-0.071518	
6623.753598	0.037303	
6623.755212	-0.031839	
6623.756752	0.015115	
6623.758414	-0.053527	
6623.759893	0.037235	
6623.761615	-0.016229	
6623.763094	-0.019484	
6623.764787	0.011905	
6623.766263	-0.048258	
6623.767975	-0.021301	
6623.769467	-0.035630	
6623.771194	0.025738	
6623.772672	-0.012144	
6623.774464	0.066005	
6623.775954	-0.002037	
6623.777738	0.060265	
6623.779226	-0.031742	
6623.780996	0.059991	
6623.782479	-0.025603	
6623.784242	0.055318	
6623.785753	-0.032246	
6623.787511	0.050971	
6623.789025	-0.061822	
6623.790760	0.089369	
6623.792277	-0.054164	
6623.794010	0.087734	
6623.795550	-0.085730	
6623.797250	0.084531	
6623.798808	-0.111982	
6623.800510	0.080140	
6623.802070	-0.094427	
6623.803744	0.107746	
6623.805317	-0.051215	
6623.806995	0.113966	
6623.808578	-0.078684	
6623.810218	0.094787	
6623.811829	-0.072295	
6623.813458	0.088680	
6623.815084	-0.067896	
6623.816732	0.059391	
6623.818350	-0.094439	
6623.819962	0.068664	
6623.821647	-0.040621	
6623.823232	0.081425	
6623.824911	-0.006569	
6623.826475	0.063443	
6623.828165	-0.066676	
6623.829735	0.037243	
6623.831433	-0.037386	
6623.832990	0.019998	
6623.834707	-0.027142	
6623.836252	0.060325	
6623.837973	-0.003560	
6623.839490	0.029307	
6623.841226	0.043180	
6623.842704	-0.002166	
6623.844455	0.036417	
6623.845944	-0.058696	
6623.847736	0.041573	
6623.849209	-0.056122	
6623.851011	0.040147	
6623.852488	-0.029611	
6623.854259	0.053308	
6623.855760	-0.086076	
6623.857505	0.088366	
6623.859014	-0.039074	
6623.860759	0.065127	
6623.862284	-0.025716	
6623.864020	0.080185	
6623.865558	-0.042647	
6623.867279	0.077188	
6623.868822	-0.062043	
6623.870523	0.085413	
6623.872088	-0.048858	
6623.873787	0.109370	
6623.875370	-0.057991	
6623.877072	0.083609	
6623.878633	-0.090133	
6623.880298	0.104701	
6623.881883	-0.077427	
6623.883547	0.086074	
6623.885166	-0.031867	
6623.886690	-0.007488	
6623.888318	-0.041547	
6623.889795	-0.060593	
6623.891454	-0.006936	
6623.892921	-0.077447	
6623.894557	-0.029398	
6623.896029	-0.073822	
6623.897677	0.027075	
6623.899181	-0.097239	
6623.900765	0.009987	
6623.902323	-0.093126	
6623.903866	-0.035372	
6623.905455	-0.051928	
6623.906943	0.021077	
6623.908591	-0.040008	
6623.910140	0.034508	
6623.911768	-0.060198	
6623.913268	0.003022	
6623.914944	-0.034965	
6623.916432	-0.049660	
6623.918132	-0.027907	
6623.919617	0.003107	
6623.921344	0.002523	
6623.922824	-0.033946	
6623.924534	0.016412	
6623.926020	-0.108155	
6623.927729	0.026669	
6623.929209	-0.079852	
6623.930900	0.028215	
6623.932402	-0.066269	
6623.934157	0.062239	
6623.935677	-0.051195	
6623.937437	0.085083	
6623.938946	-0.070015	
6623.940683	0.079589	
6623.942208	-0.047924	
6623.943926	0.077699	
6623.945489	-0.068819	
6623.947190	0.099287	
6623.948753	-0.067647	
6623.950445	0.088664	
6623.952021	-0.076509	
6623.953693	0.109007	
6623.955273	-0.057209	
6623.956934	0.108008	
6623.958519	-0.101291	
6623.960177	0.084209	
6623.961797	-0.089947	
6623.963428	0.086997	
6623.965073	-0.091804	
6623.966696	0.071645	
6623.968347	-0.068460	
6623.969946	0.046125	
6623.971598	-0.052363	
6623.973192	0.060502	
6623.974885	-0.020934	
6623.976450	0.045388	
6623.978157	-0.051171	
6623.979712	0.031047	
6623.981418	-0.017333	
6623.982963	0.025214	
6623.984670	0.038016	
6623.986207	0.044933	
6623.987937	0.040248	
6623.989425	0.019736	
6623.991205	0.009532	
6623.992684	-0.002380	
6623.994450	0.024912	
6623.995943	-0.002392	
6623.997719	0.050017	
6623.999204	-0.032137	
6624.000999	0.018419	
6624.002474	-0.028596	
6624.004238	0.045590	
6624.005729	-0.069536	
6624.007461	0.083528	
6624.008973	-0.025752	
6624.010703	0.090441	
6624.012226	-0.062091	
6624.013952	0.101325	
6624.015504	-0.061439	
6624.017200	0.088229	
6624.018757	-0.047541	
6624.020456	0.127320	
6624.022016	-0.061858	
6624.023681	0.112818	
6624.025259	-0.096256	
6624.026909	0.087669	
6624.028511	-0.080356	
6624.030152	0.099307	
6624.031753	-0.060299	
6624.033390	0.084845	
6624.035016	-0.061258	
6624.036631	0.079387	
6624.038318	-0.061749	
6624.039906	0.075959	
6624.041580	-0.044198	
6624.043054	-0.116180	
6624.044631	-0.029091	
6624.046118	-0.072730	
6624.047750	0.025698	
6624.049234	-0.091164	
6624.050852	0.015200	
6624.052386	-0.043827	
6624.053940	0.020449	
6624.055500	-0.036427	
6624.056985	-0.003870	
6624.058645	-0.030618	
6624.060132	-0.003117	
6624.061763	-0.045914	
6624.063278	-0.064235	
6624.064909	-0.029579	
6624.066385	-0.041257	
6624.068106	0.004859	
6624.069580	-0.055453	
6624.071285	0.006205	
6624.072775	-0.056126	
6624.074491	0.068579	
6624.075979	-0.090157	
6624.077697	0.030060	
6624.079171	-0.123229	
6624.080873	0.044945	
6624.082374	-0.072956	
6624.084050	0.053783	
6624.085576	-0.044842	
6624.087295	0.087089	
6624.088832	-0.093891	
6624.090545	0.115058	
6624.092103	-0.050945	
6624.093803	0.068982	
6624.095358	-0.096264	
6624.097038	0.088471	
6624.098599	-0.139802	
6624.100271	0.083722	
6624.101868	-0.082499	
6624.103499	0.102071	
6624.105124	-0.077544	
6624.106765	0.091496	
6624.108375	-0.075929	
6624.110005	0.073997	
6624.111664	-0.055469	
6624.113262	0.056953	
6624.114938	-0.049894	
6624.116502	0.042262	
6624.118196	-0.027960	
6624.119769	0.053090	
6624.121454	-0.018010	
6624.123023	0.036731	
6624.124723	-0.046752	
6624.126285	0.042419	
6624.128011	0.009766	
6624.129536	0.040437	
6624.131275	-0.001199	
6624.132769	-0.007621	
6624.134526	0.021971	
6624.136003	0.011828	
6624.137807	0.046109	
6624.139310	0.003373	
6624.141076	0.031224	
6624.142560	-0.025724	
6624.144322	0.039281	
6624.145810	-0.029124	
6624.147591	0.056611	
6624.149074	-0.056319	
6624.150829	0.050129	
6624.152335	-0.058579	
6624.154092	0.063258	
6624.155608	-0.081899	
6624.157336	0.105559	
6624.158864	-0.070197	
6624.160564	0.078646	
6624.162115	-0.067272	
6624.163828	0.100834	
6624.165392	-0.084042	
6624.167084	0.084004	
6624.168664	-0.092783	
6624.170352	0.093772	
6624.171938	-0.033209	
6624.173605	0.109052	
6624.175185	-0.052617	
6624.176836	0.080156	
6624.178448	-0.066204	
6624.180073	0.094082	
6624.181705	-0.047509	
6624.183343	0.066170	
6624.184983	-0.050268	
6624.186591	0.082630	
6624.188260	-0.064251	
6624.189852	0.057324	
6624.191547	-0.040041	
6624.193108	0.035007	
6624.194813	-0.022836	
6624.196293	-0.079099	
6624.197844	-0.012934	
6624.199352	-0.057580	
6624.200992	0.004915	
6624.202488	-0.075321	
6624.204066	0.023180	
6624.205620	-0.074567	
6624.207157	0.013427	
6624.208771	-0.032201	
6624.210264	-0.012946	
6624.211939	-0.049366	
6624.213423	-0.041511	
6624.215056	-0.037611	
6624.216584	-0.050490	
6624.218204	-0.046200	
6624.219685	0.017850	
6624.221393	0.019611	
6624.222877	-0.052617	
6624.224602	0.015071	
6624.226085	-0.032947	
6624.227815	0.014894	
6624.229298	-0.059513	
6624.231001	0.045400	
6624.232479	-0.100240	
6624.234185	0.048659	
6624.235686	-0.047006	
6624.237354	0.072881	
6624.238889	-0.043767	
6624.240631	0.087174	
6624.242165	-0.077866	
6624.243885	0.089107	
6624.245438	-0.052403	
6624.247140	0.087742	
6624.248705	-0.086205	
6624.250404	0.096636	
6624.251971	-0.099789	
6624.253644	0.098417	
6624.255232	-0.064041	
6624.256894	0.103122	
6624.258497	-0.026380	
6624.260158	0.095178	
6624.261750	-0.060653	
6624.263398	0.105567	
6624.265041	-0.051670	
6624.266659	0.060015	
6624.268334	-0.046945	
6624.269913	0.068015	
6624.271589	-0.040673	
6624.273180	0.049851	
6624.274857	-0.026892	
6624.276436	0.040059	
6624.278135	-0.010187	
6624.279687	0.040300	
6624.281420	-0.004648	
6624.282960	0.023494	
6624.284681	-0.037793	
6624.286222	0.031740	
6624.287927	-0.025784	
6624.289441	0.003417	
6624.291201	0.037960	
6624.292675	-0.010175	
6624.294465	0.029633	
6624.295947	0.009335	
6624.297729	0.034882	
6624.299219	-0.052315	
6624.300988	0.020707	
6624.302483	-0.025744	
6624.304266	0.035632	
6624.305756	-0.025019	
6624.307522	0.073590	
6624.309020	-0.049257	
6624.310757	0.048699	
6624.312278	-0.053636	
6624.314005	0.083206	
6624.315537	-0.064114	
6624.317291	0.062952	
6624.318832	-0.025377	
6624.320538	0.096471	
6624.322085	-0.059078	
6624.323771	0.115662	
6624.325335	-0.073057	
6624.327019	0.089140	
6624.328614	-0.104941	
6624.330285	0.092443	
6624.331880	-0.099200	
6624.333547	0.077224	
6624.335150	-0.055042	
6624.336808	0.091117	
6624.338418	-0.075550	
6624.340049	0.089857	
6624.341691	-0.040028	
6624.343278	0.066911	
6624.344945	-0.068871	
6624.346420	-0.079115	
6624.348003	-0.004744	
6624.349509	-0.104220	
6624.351057	-0.053697	
6624.352576	-0.041986	
6624.354074	-0.034715	
6624.355644	-0.071099	
6624.357191	-0.004221	
6624.358780	-0.076336	
6624.360266	-0.013933	
6624.361930	-0.035178	
6624.363419	-0.025325	
6624.365052	-0.045269	
6624.366574	-0.040552	
6624.368207	-0.012926	
6624.369688	-0.048387	
6624.371339	0.002144	
6624.372821	-0.082141	
6624.374449	0.029484	
6624.375950	-0.039904	
6624.377671	0.025021	
6624.379168	-0.042808	
6624.380873	0.054605	
6624.382363	-0.077250	
6624.384044	0.059846	
6624.385558	-0.063715	
6624.387198	0.066569	
6624.388748	-0.060863	
6624.390342	0.036643	
6624.391948	-0.038244	
6624.393513	0.032796	
6624.395118	-0.058365	
6624.396743	0.096383	
6624.398372	-0.064972	
6624.399997	0.086952	
6624.401629	-0.014662	
6624.403235	0.084862	
6624.404912	-0.021414	
6624.406494	0.079395	
6624.408185	-0.005369	
6624.409751	0.051551	
6624.411426	0.000428	
6624.412981	0.040252	
6624.414664	0.042753	
6624.416219	0.039700	
6624.417924	0.045779	
6624.419466	0.035861	
6624.421207	0.031809	
6624.422688	-0.001659	
6624.424459	0.035080	
6624.425934	0.007647	
6624.427699	0.029239	
6624.429178	-0.005888	
6624.430950	0.064285	
6624.432435	0.003675	
6624.434215	0.048905	
6624.435709	-0.030215	
6624.437461	0.097297	
6624.438970	-0.013337	
6624.440687	0.084273	
6624.442211	-0.033970	
6624.443917	0.073220	
6624.445456	-0.065226	
6624.447146	0.094751	
6624.448708	-0.018046	
6624.450396	0.097273	
6624.451958	-0.084646	
6624.453640	0.114514	
6624.455223	-0.037164	
6624.456895	0.102594	
6624.458501	-0.058929	
6624.460141	0.103952	
6624.461761	-0.054667	
6624.463407	0.099662	
6624.465034	-0.019524	
6624.466658	0.072499	
6624.468296	-0.019218	
6624.469890	0.087331	
6624.471569	-0.009796	
6624.473136	0.073768	
6624.474815	-0.029075	
6624.476373	0.051753	
6624.478077	-0.042506	
6624.479650	0.031148	
6624.481377	0.013786	
6624.482939	0.034274	
6624.484657	-0.022014	
6624.486214	0.043181	
6624.487926	-0.017047	
6624.489466	0.032260	
6624.491202	-0.001042	
6624.492692	0.006027	
6624.494461	0.038765	
6624.495952	0.002116	
6624.497725	0.025186	
6624.499206	-0.000656	
6624.500978	-0.003475	
6624.502455	-0.011141	
6624.504221	0.036457	
6624.505713	-0.037760	
6624.507483	0.057481	
6624.509013	-0.064259	
6624.510581	0.004891	
6624.512127	-0.044041	
6624.513631	-0.018147	
6624.515275	-0.028741	
6624.516765	-0.040065	
6624.518396	-0.012149	
6624.519924	-0.045910	
6624.521561	-0.008692	
6624.523053	-0.042204	
6624.524715	0.012477	
6624.526198	-0.046587	
6624.527855	0.024787	
6624.529335	-0.039094	
6624.530989	0.018423	
6624.532470	-0.030228	
6624.534170	0.056937	
6624.535667	-0.054704	
6624.537349	0.050307	
6624.538870	-0.083534	
6624.540515	0.077679	
6624.542087	-0.060794	
6624.543692	0.035164	
6624.545285	-0.064641	
6624.546874	0.058017	
6624.548494	-0.043807	
6624.550059	0.019393	
6624.551690	-0.042534	
6624.553313	0.085019	
6624.554960	-0.061286	
6624.556551	0.063737	
6624.558234	-0.026517	
6624.559815	0.043543	
6624.561510	-0.042349	
6624.563091	0.044788	
6624.564758	-0.000221	
6624.566324	0.046504	
6624.568026	-0.034087	
6624.569577	0.066263	
6624.571301	-0.009925	
6624.572830	0.006221	
6624.574548	0.036957	
6624.576046	0.020570	
6624.577819	0.039156	
6624.579301	0.013895	
6624.581082	0.030403	
6624.582580	-0.031754	
6624.584366	0.022024	
6624.585850	0.004634	
6624.587643	0.034302	
6624.589121	-0.022171	
6624.590919	0.052140	
6624.592403	0.008166	
6624.594180	0.043491	
6624.595680	-0.042168	
6624.597446	0.064087	
6624.598951	-0.073234	
6624.600689	0.069469	
6624.602216	-0.008458	
6624.603933	0.081856	
6624.605464	-0.080739	
6624.607172	0.091891	
6624.608720	-0.052802	
6624.610402	0.075278	
6624.611969	-0.064154	
6624.613659	0.104685	
6624.615229	-0.079059	
6624.616897	0.077373	
6624.618491	-0.079337	
6624.620131	0.106256	
6624.621743	-0.039742	
6624.623374	0.090332	
6624.625004	-0.013719	
6624.626649	0.092036	
6624.628265	-0.063441	
6624.629874	0.075053	
6624.631541	-0.042784	
6624.633142	0.048929	
6624.634836	-0.040427	
6624.636403	0.061570	
6624.638105	-0.031178	
6624.639682	0.055298	
6624.641376	0.016799	
6624.642922	0.024562	
6624.644624	-0.015299	
6624.646178	0.021839	
6624.647898	0.012976	
6624.649400	0.019494	
6624.651152	0.014382	
6624.652636	0.022092	
6624.654400	0.035756	
6624.655876	-0.004910	
6624.657652	0.056397	
6624.659142	-0.021740	
6624.660925	0.054504	
6624.662401	-0.023589	
6624.664172	0.039926	
6624.665704	-0.102218	
6624.667196	-0.079885	
6624.668769	-0.046518	
6624.670275	-0.002162	
6624.671921	-0.071578	
6624.673410	0.005326	
6624.675040	-0.030389	
6624.676558	-0.044355	
6624.678208	-0.050075	
6624.679682	-0.085601	
6624.681327	-0.011452	
6624.682807	-0.082378	
6624.684450	0.019554	
6624.685930	-0.064073	
6624.687574	-0.004422	
6624.689068	-0.092119	
6624.690717	0.068354	
6624.692240	-0.062789	
6624.693881	0.040619	
6624.695434	-0.094951	
6624.697041	0.046327	
6624.698629	-0.070853	
6624.700214	0.030802	
6624.701825	-0.043722	
6624.703383	0.048663	
6624.705003	-0.059191	
6624.706494	0.024598	
6624.708234	-0.016712	
6624.709712	-0.022707	
6624.711441	-0.047731	
6624.713006	0.031104	
6624.714708	-0.026360	
6624.716256	0.009520	
6624.717940	-0.033072	
6624.719478	0.056877	
6624.721204	0.010966	
6624.722722	0.012549	
6624.724475	0.041110	
6624.725954	-0.006227	
6624.727729	-0.016878	
6624.729209	0.008791	
6624.730987	0.022028	
6624.732462	-0.048919	
6624.734204	0.036441	
6624.735706	-0.000780	
6624.737475	0.074142	
6624.738974	-0.025937	
6624.740705	0.083331	
6624.742231	-0.038232	
6624.743962	0.053920	
6624.745494	-0.085790	
6624.747211	0.075649	
6624.748754	-0.085355	
6624.750456	0.063628	
6624.752018	-0.083168	
6624.753713	0.099081	
6624.755280	-0.094814	
6624.756960	0.112045	
6624.758537	-0.082245	
6624.760201	0.076406	
6624.761803	-0.070011	
6624.763438	0.097116	
6624.765053	-0.051078	
6624.766686	0.073184	
6624.768302	-0.035480	
6624.769916	0.071729	
6624.771580	-0.024479	
6624.773172	0.066807	
6624.774860	-0.000168	
6624.776421	0.065026	
6624.778113	-0.025748	
6624.779666	0.068829	
6624.781375	0.023248	
6624.782949	0.030209	
6624.784655	0.010740	
6624.786208	0.039092	
6624.787905	0.019925	
6624.789403	0.040578	
6624.791157	0.009391	
6624.792643	0.016867	
6624.794435	0.002781	
6624.795915	-0.025667	
6624.797685	0.024916	
6624.799177	-0.024503	
6624.800955	0.053674	
6624.802426	-0.007878	
6624.804204	0.057203	
6624.805701	-0.050591	
6624.807452	0.059918	
6624.808954	-0.066901	
6624.810689	0.087279	
6624.812201	-0.043026	
6624.813935	0.093595	
6624.815470	-0.075373	
6624.817187	0.081530	
6624.818730	-0.084590	
6624.820435	0.088829	
6624.821996	-0.076545	
6624.823673	0.115384	
6624.825283	-0.034199	
6624.826778	-0.035476	
6624.828410	-0.066402	
6624.829936	-0.004176	
6624.831567	-0.026787	
6624.833041	-0.082028	
6624.834681	-0.014839	
6624.836157	-0.063348	
6624.837787	0.010463	
6624.839265	-0.074438	
6624.840903	0.021045	
6624.842411	-0.032636	
6624.844005	-0.013006	
6624.845542	-0.061826	
6624.847078	0.041267	
6624.848661	-0.042498	
6624.850266	0.046842	
6624.851870	-0.053527	
6624.853451	0.048164	
6624.855073	-0.030646	
6624.856611	0.025903	
6624.858309	-0.021607	
6624.859795	-0.016173	
6624.861516	-0.010493	
6624.862990	-0.005594	
6624.864703	-0.015750	
6624.866172	-0.071957	
6624.867879	0.037199	
6624.869359	-0.034969	
6624.871075	0.044470	
6624.872557	0.021609	
6624.874342	0.043471	
6624.875832	-0.022703	
6624.877618	0.025657	
6624.879096	-0.021184	
6624.880887	0.045054	
6624.882366	-0.027363	
6624.884134	0.045972	
6624.885631	-0.023198	
6624.887406	0.067077	
6624.888926	-0.034864	
6624.890675	0.077018	
6624.892200	-0.048379	
6624.893927	0.057811	
6624.895465	-0.063526	
6624.897192	0.080704	
6624.898746	-0.057777	
6624.900457	0.075729	
6624.902021	-0.065640	
6624.903725	0.089643	
6624.905282	-0.068158	
6624.906951	0.104846	
6624.908531	-0.061705	
6624.910201	0.090255	
6624.911797	-0.095043	
6624.913447	0.092338	
6624.915064	-0.068468	
6624.916704	0.072108	
6624.918333	-0.049193	
6624.919965	0.080950	
6624.921584	-0.042373	
6624.923187	0.073925	
6624.924876	-0.004072	
6624.926437	0.065014	
6624.928114	-0.014271	
6624.929679	0.053416	
6624.931386	-0.027811	
6624.932958	0.044292	
6624.934624	-0.007794	
6624.936180	0.011723	
6624.937863	-0.016918	
6624.939388	0.016026	
6624.941157	0.020980	
6624.942634	0.017810	
6624.944404	-0.000313	
6624.945883	0.002309	
6624.947654	0.036050	
6624.949144	-0.003770	
6624.950930	0.040812	
6624.952415	0.006765	
6624.954199	0.043696	
6624.955688	-0.053060	
6624.957440	0.070964	
6624.958947	-0.048496	
6624.960694	0.037070	
6624.962207	-0.052621	
6624.963949	0.066226	
6624.965487	-0.072509	
6624.967206	0.078537	
6624.968744	-0.060766	
6624.970450	0.097144	
6624.971997	-0.043751	
6624.973695	0.120931	
6624.975262	-0.064130	
6624.976945	0.099412	
6624.978531	-0.070305	
6624.980207	0.098505	
6624.981824	-0.059288	
6624.983330	-0.063179	
6624.984970	-0.025454	
6624.986498	-0.040302	
6624.988117	0.000331	
6624.989606	-0.054853	
6624.991240	0.006748	
6624.992729	-0.099418	
6624.994353	0.005552	
6624.995837	-0.044629	
6624.997457	0.048357	
6624.998972	-0.047843	
6625.000554	0.026411	
6625.002096	-0.039996	
6625.003611	0.001318	
6625.005256	-0.062986	
6625.006747	-0.007492	
6625.008368	-0.050184	
6625.009910	0.032336	
6625.011578	-0.009482	
6625.013054	0.011909	
6625.014776	0.006080	
6625.016248	-0.016676	
6625.017950	-0.033825	
6625.019428	-0.025941	
6625.021128	0.016207	
6625.022609	-0.027142	
6625.024314	0.046427	
6625.025801	-0.071816	
6625.027490	0.042182	
6625.028994	-0.040613	
6625.030773	0.064212	
6625.032270	-0.051513	
6625.034012	0.039241	
6625.035525	-0.020535	
6625.037228	0.094123	
6625.038768	-0.025696	
6625.040477	0.098320	
6625.042041	-0.035654	
6625.043758	0.077780	
6625.045313	-0.078741	
6625.047015	0.096620	
6625.048573	-0.068509	
6625.050247	0.081574	
6625.051832	-0.086930	
6625.053486	0.110675	
6625.055094	-0.040036	
6625.056721	0.108987	
6625.058339	-0.056923	
6625.059994	0.096769	
6625.061611	-0.061673	
6625.063245	0.071459	
6625.064907	-0.038304	
6625.066488	0.038016	
6625.068183	-0.077601	
6625.069769	0.054875	
6625.071458	-0.049503	
6625.073035	0.049199	
6625.074723	-0.013570	
6625.076277	0.054996	
6625.077993	-0.040105	
6625.079526	0.044401	
6625.081243	0.025911	
6625.082771	0.026954	
6625.084514	-0.020854	
6625.086034	0.031954	
6625.087777	-0.000724	
6625.089268	0.008477	
6625.091048	0.029379	
6625.092532	-0.005167	
6625.094312	0.021790	
6625.095794	-0.004064	
6625.097583	0.046431	
6625.099059	0.004585	
6625.100815	0.038411	
6625.102312	-0.035964	
6625.104072	0.072934	
6625.105590	-0.047525	
6625.107346	0.066658	
6625.108857	-0.032584	
6625.110588	0.073864	
6625.112116	-0.064444	
6625.113818	0.078255	
6625.115357	-0.065117	
6625.117064	0.059846	
6625.118629	-0.075941	
6625.120330	0.113306	
6625.121905	-0.051686	
6625.123583	0.114566	
6625.125166	-0.055191	
6625.126818	0.094022	
6625.128410	-0.066809	
6625.130061	0.088999	
6625.131690	-0.094048	
6625.133314	0.078054	
6625.134941	-0.060057	
6625.136574	0.073163	
6625.138231	-0.037692	
6625.139827	0.072950	
6625.141496	-0.019331	
6625.142978	-0.068243	
6625.144564	-0.023307	
6625.146045	-0.059852	
6625.147688	0.032220	
6625.149166	-0.076831	
6625.150811	-0.002162	
6625.152312	-0.052222	
6625.153894	-0.004583	
6625.155440	-0.072279	
6625.156965	0.011373	
6625.158611	-0.038107	
6625.160096	-0.030111	
6625.161710	-0.043904	
6625.163220	-0.033112	
6625.164840	-0.031637	
6625.166317	-0.070112	
6625.167972	-0.032226	
6625.169440	-0.026807	
6625.171146	-0.005788	
6625.172632	-0.051481	
6625.174349	0.034209	
6625.175830	-0.056408	
6625.177547	0.034967	
6625.179040	-0.047976	
6625.180714	0.070730	
6625.182221	-0.097899	
6625.183886	0.049078	
6625.185410	-0.063546	
6625.187046	0.067117	
6625.188595	-0.061431	
6625.190280	0.089422	
6625.191852	-0.035948	
6625.193538	0.096685	
6625.195122	-0.063989	
6625.196763	0.097402	
6625.198379	-0.054986	
6625.200019	0.072354	
6625.201633	-0.057282	
6625.203270	0.070392	
6625.204924	-0.045724	
6625.206526	0.078831	
6625.208215	-0.015133	
6625.209799	0.063350	
6625.211473	-0.057922	
6625.213057	0.052220	
6625.214744	0.003973	
6625.216310	0.045436	
6625.218011	-0.017695	
6625.219555	0.036345	
6625.221257	-0.019363	
6625.222801	0.041372	
6625.224542	0.009363	
6625.226061	0.019873	
6625.227788	-0.014142	
6625.229280	0.003256	
6625.231051	0.023128	
6625.232538	-0.028830	
6625.234319	0.007397	
6625.235799	-0.001280	
6625.237574	0.028969	
6625.239055	-0.025426	
6625.240820	0.083274	
6625.242308	0.003711	
6625.244071	0.075645	
6625.245580	-0.017901	
6625.247334	0.069264	
6625.248849	-0.057443	
6625.250582	0.058569	
6625.252117	-0.043513	
6625.253837	0.107493	
6625.255372	-0.046619	
6625.257061	0.120605	
6625.258620	-0.022388	
6625.260310	0.092137	
6625.261878	-0.059421	
6625.263568	0.098070	
6625.265146	-0.059046	
6625.266812	0.091553	
6625.268406	-0.062676	
6625.270058	0.106602	
6625.271683	-0.051924	
6625.273323	0.100169	
6625.274949	-0.027404	
6625.276576	0.081446	
6625.278234	-0.008467	
6625.279846	0.069997	
6625.281514	-0.030393	
6625.283089	0.060821	
6625.284773	-0.034381	
6625.286340	0.079198	
6625.288044	-0.044681	
6625.289614	0.039313	
6625.291292	0.012344	
6625.292843	0.028642	
6625.294547	-0.027025	
6625.296069	0.012924	
6625.297815	0.008319	
6625.299301	-0.071731	
6625.300859	-0.045737	
6625.302347	-0.058136	
6625.303941	0.025170	
6625.305477	-0.031456	
6625.307024	0.029617	
6625.308657	-0.043867	
6625.310146	-0.005518	
6625.311805	-0.049572	
6625.313290	-0.005554	
6625.314920	-0.016978	
6625.316441	-0.031782	
6625.318083	-0.030026	
6625.319553	-0.068759	
6625.321200	0.010205	
6625.322673	-0.039831	
6625.324319	0.028630	
6625.325807	-0.047811	
6625.327509	0.072825	
6625.328995	-0.072050	
6625.330651	0.051330	
6625.332164	-0.104469	
6625.333810	0.028985	
6625.335357	-0.056782	
6625.336993	0.030467	
6625.338561	-0.054873	
6625.340167	0.029637	
6625.341778	-0.024890	
6625.343338	0.028755	
6625.344961	-0.042679	
6625.346585	0.083854	
6625.348232	-0.076461	
6625.349831	0.053759	
6625.351510	-0.035654	
6625.353104	0.056720	
6625.354759	-0.027037	
6625.356351	0.043318	
6625.358058	-0.026679	
6625.359614	0.057465	
6625.361315	-0.049350	
6625.362864	0.030520	
6625.364562	-0.013454	
6625.366126	0.023333	
6625.367847	0.001931	
6625.369378	0.020251	
6625.371099	-0.032060	
6625.372585	-0.016813	
6625.374350	0.012964	
6625.375835	-0.000704	
6625.377623	0.000061	
6625.379106	-0.029341	
6625.380878	0.058359	
6625.382355	-0.006082	
6625.384135	0.049731	
6625.385635	-0.031839	
6625.387412	0.040030	
6625.388909	-0.036020	
6625.390650	0.078662	
6625.392169	-0.055920	
6625.393901	0.072660	
6625.395432	-0.073363	
6625.397149	0.065925	
6625.398692	-0.071034	
6625.400410	0.072209	
6625.401962	-0.059513	
6625.403653	0.119098	
6625.405223	-0.082950	
6625.406911	0.109459	
6625.408487	-0.050885	
6625.410154	0.097696	
6625.411756	-0.067135	
6625.413387	0.089240	
6625.414998	-0.101613	
6625.416648	0.069147	
6625.418255	-0.056009	
6625.419889	0.079399	
6625.421557	-0.051872	
6625.423150	0.077478	
6625.424823	0.004920	
6625.426409	0.073743	
6625.428090	-0.061282	
6625.429674	0.048119	
6625.431355	-0.029523	
6625.432926	0.034580	
6625.434651	-0.015814	
6625.436193	0.010777	
6625.437909	-0.017703	
6625.439462	0.035080	
6625.441185	0.004541	
6625.442706	0.033501	
6625.444424	0.003405	
6625.445904	0.010769	
6625.447670	0.037779	
6625.449163	-0.019830	
6625.450945	0.021073	
6625.452428	-0.019556	
6625.454193	0.023639	
6625.455675	-0.057399	
6625.457449	0.052188	
6625.458956	-0.096755	
6625.460526	0.025097	
6625.462077	-0.073202	
6625.463583	-0.009208	
6625.465215	-0.067344	
6625.466708	-0.032765	
6625.468344	-0.044399	
6625.469866	-0.060545	
6625.471497	-0.060722	
6625.472976	-0.073677	
6625.474612	-0.002932	
6625.476091	-0.090958	
6625.477727	-0.007874	
6625.479225	-0.073870	
6625.480845	0.037118	
6625.482344	-0.074052	
6625.484015	0.054371	
6625.485516	-0.042776	
6625.487170	0.071057	
6625.488704	-0.087253	
6625.490338	0.046105	
6625.491902	-0.089194	
6625.493481	0.019148	
6625.495114	-0.043924	
6625.496662	0.016678	
6625.498298	-0.057334	
6625.499808	0.000956	
6625.501511	-0.038606	
6625.503111	0.056115	
6625.504779	-0.049652	
6625.506394	0.066605	
6625.508065	-0.041164	
6625.509647	0.074195	
6625.511348	-0.045652	
6625.512894	0.050673	
6625.514618	-0.041499	
6625.516157	0.006374	
6625.517842	-0.036616	
6625.519375	0.023401	
6625.521096	0.036405	
6625.522587	0.022862	
6625.524364	0.012219	
6625.525841	0.017560	
6625.527620	0.020594	
6625.529105	-0.031045	
6625.530890	0.070094	
6625.532372	-0.010360	
6625.534162	0.044417	
6625.535649	-0.050937	
6625.537420	0.043724	
6625.538915	-0.045531	
6625.540670	0.068011	
6625.542179	-0.034183	
6625.543922	0.047910	
6625.545439	-0.095160	
6625.547151	0.083145	
6625.548685	-0.092264	
6625.550394	0.082283	
6625.551951	-0.038526	
6625.553653	0.095468	
6625.555214	-0.065826	
6625.556889	0.112633	
6625.558452	-0.056915	
6625.560111	0.079520	
6625.561698	-0.095140	
6625.563357	0.090191	
6625.564969	-0.082169	
6625.566613	0.061529	
6625.568231	-0.053962	
6625.569865	0.082702	
6625.571525	-0.058945	
6625.573122	0.054327	
6625.574799	-0.018167	
6625.576376	0.059105	
6625.578065	-0.079421	
6625.579631	0.041150	
6625.581322	-0.041301	
6625.582883	0.009351	
6625.584543	0.009375	
6625.586095	0.052176	
6625.587822	0.010463	
6625.589341	0.029347	
6625.591070	0.025859	
6625.592555	-0.012495	
6625.594343	-0.008986	
6625.595824	0.002692	
6625.597584	0.033126	
6625.599068	-0.033760	
6625.600859	0.039841	
6625.602341	-0.021160	
6625.604125	0.053489	
6625.605614	-0.024789	
6625.607373	0.071798	
6625.608877	-0.034155	
6625.610628	0.046697	
6625.612147	-0.030969	
6625.613887	0.062005	
6625.615432	-0.091708	
6625.616952	-0.084690	
6625.618553	-0.061282	
6625.620047	-0.014698	
6625.621674	-0.049040	
6625.623197	-0.072102	
6625.624827	-0.028596	
6625.626322	-0.076561	
6625.627963	-0.016733	
6625.629448	-0.120152	
6625.631087	0.019389	
6625.632564	-0.044250	
6625.634207	0.023043	
6625.635690	-0.060146	
6625.637294	-0.004620	
6625.638803	-0.083297	
6625.640341	-0.002549	
6625.641915	-0.062559	
6625.643502	0.051112	
6625.645103	-0.079518	
6625.646650	0.017375	
6625.648274	-0.040774	
6625.649781	-0.014920	
6625.651498	-0.038188	
6625.652970	0.000545	
6625.654692	-0.041591	
6625.656166	-0.016821	
6625.657879	-0.016229	
6625.659356	-0.042179	
6625.661082	0.010233	
6625.662574	-0.008350	
6625.664364	0.008742	
6625.665844	0.006672	
6625.667636	0.018076	
6625.669120	-0.012829	
6625.670907	0.035861	
6625.672385	0.005661	
6625.674153	0.051777	
6625.675638	-0.029241	
6625.677420	0.050049	
6625.678915	-0.066583	
6625.680671	0.072829	
6625.682181	-0.045853	
6625.683923	0.049106	
6625.685444	-0.074036	
6625.687172	0.072313	
6625.688713	-0.084380	
6625.690442	0.087887	
6625.691988	-0.079913	
6625.693691	0.074859	
6625.695247	-0.109867	
6625.696939	0.088926	
6625.698511	-0.081685	
6625.700187	0.095291	
6625.701759	-0.074515	
6625.703401	0.106079	
6625.705017	-0.063618	
6625.706663	0.097796	
6625.708262	-0.065544	
6625.709901	0.086924	
6625.711517	-0.109457	
6625.713132	0.069699	
6625.714814	-0.047042	
6625.716393	0.057767	
6625.718069	-0.016930	
6625.719620	0.062456	
6625.721334	-0.023061	
6625.722907	0.055362	
6625.724581	-0.036894	
6625.726136	0.016191	
6625.727843	-0.033390	
6625.729382	0.025375	
6625.731121	0.005955	
6625.732622	-0.010932	
6625.734377	0.007836	
6625.735855	0.001294	
6625.737631	0.040619	
6625.739122	-0.034147	
6625.740921	0.026914	
6625.742394	-0.036435	
6625.744188	0.036175	
6625.745673	-0.022316	
6625.747435	0.054001	
6625.748929	-0.089379	
6625.750681	0.039962	
6625.752186	-0.048319	
6625.753939	0.079077	
6625.755462	-0.032810	
6625.757207	0.067753	
6625.758731	-0.086934	
6625.760443	0.080495	
6625.761984	-0.090104	
6625.763683	0.089414	
6625.765238	-0.079997	
6625.766919	0.087903	
6625.768494	-0.074221	
6625.770181	0.109007	
6625.771758	-0.036661	
6625.773426	0.102268	
6625.775031	-0.041040	
6625.776563	-0.044258	
6625.778209	-0.047130	
6625.779692	-0.058655	
6625.781340	-0.035098	
6625.782817	-0.107978	
6625.784458	-0.005079	
6625.785938	-0.076771	
6625.787575	0.032961	
6625.789048	-0.064883	
6625.790691	0.021013	
6625.792214	-0.070805	
6625.793776	-0.029200	
6625.795339	-0.111277	
6625.796848	-0.014618	
6625.798461	-0.101702	
6625.800034	0.012162	
6625.801661	-0.057112	
6625.803182	0.029565	
6625.804879	-0.040306	
6625.806372	-0.013288	
6625.808087	-0.011576	
6625.809573	0.006366	
6625.811278	-0.024971	
6625.812757	-0.032935	
6625.814462	0.012251	
6625.815947	-0.058708	
6625.817667	0.030165	
6625.819145	-0.054281	
6625.820854	0.025186	
6625.822333	-0.046280	
6625.824097	0.054605	
6625.825588	-0.017635	
6625.827368	0.051483	
6625.828874	-0.027085	
6625.830617	0.062077	
6625.832131	-0.046570	
6625.833857	0.054669	
6625.835381	-0.074571	
6625.837087	0.077494	
6625.838634	-0.091232	
6625.840349	0.084366	
6625.841902	-0.100651	
6625.843589	0.077945	
6625.845169	-0.085633	
6625.846865	0.099996	
6625.848434	-0.081178	
6625.850109	0.062271	
6625.851700	-0.054768	
6625.853345	0.095396	
6625.854969	-0.103873	
6625.856602	0.098731	
6625.858230	-0.057286	
6625.859865	0.093857	
6625.861506	-0.127407	
6625.863128	0.061767	
6625.864801	-0.053664	
6625.866377	0.032739	
6625.868058	-0.076457	
6625.869632	0.069296	
6625.871332	-0.049680	
6625.872896	0.037203	
6625.874578	0.005701	
6625.876129	0.058395	
6625.877839	-0.058611	
6625.879390	0.015921	
6625.881123	-0.045910	
6625.882627	-0.015661	
6625.884373	-0.018239	
6625.885856	0.010257	
6625.887622	0.000948	
6625.889107	-0.005042	
6625.890857	0.039676	
6625.892349	0.000650	
6625.894135	0.034387	
6625.895614	-0.041044	
6625.897387	0.056804	
6625.898884	-0.020104	
6625.900615	0.047430	
6625.902133	-0.052089	
6625.903864	0.090191	
6625.905394	-0.067147	
6625.907124	0.093748	
6625.908662	-0.065600	
6625.910369	0.083657	
6625.911920	-0.074213	
6625.913615	0.094799	
6625.915177	-0.089460	
6625.916885	0.079190	
6625.918468	-0.067324	
6625.920140	0.098477	
6625.921735	-0.108772	
6625.923399	0.093349	
6625.924997	-0.036725	
6625.926653	0.091601	
6625.928264	-0.084062	
6625.929888	0.083915	
6625.931543	-0.036850	
6625.933041	-0.042772	
6625.934673	-0.034014	
6625.936147	-0.015142	
6625.937721	-0.020153	
6625.939203	-0.079526	
6625.940846	0.016590	
6625.942347	-0.098097	
6625.943932	-0.006452	
6625.945467	-0.047191	
6625.947014	-0.022449	
6625.948619	-0.046248	
6625.950108	-0.034816	
6625.951756	-0.039521	
6625.953239	-0.012285	
6625.954887	-0.044286	
6625.956408	-0.075474	
6625.958042	-0.012471	
6625.959514	-0.004205	
6625.961223	-0.008918	
6625.962703	-0.057274	
6625.964406	-0.009506	
6625.965902	-0.025539	
6625.967621	0.032743	
6625.969108	-0.060307	
6625.970816	0.041239	
6625.972294	-0.105682	
6625.973981	0.069284	
6625.975491	-0.060992	
6625.977151	0.056200	
6625.978684	-0.094520	
6625.980377	0.073619	
6625.981937	-0.091438	
6625.983633	0.069880	
6625.985198	-0.025909	
6625.986887	0.100443	
6625.988454	-0.106439	
6625.990137	0.094727	
6625.991727	-0.050156	
6625.993377	0.077047	
6625.994982	-0.080489	
6625.996606	0.090082	
6625.998220	-0.087692	
6625.999843	0.071113	
6626.001464	-0.083615	
6626.003070	0.055036	
6626.004732	-0.053898	
6626.006318	0.052135	
6626.008010	-0.052262	
6626.009580	0.032457	
6626.011278	-0.054937	
6626.012834	0.026237	
6626.014542	-0.013011	
6626.016081	0.010789	
6626.017796	-0.031791	
6626.019310	0.017222	
6626.021056	-0.020253	
6626.022558	-0.018026	
6626.024309	0.016251	
6626.025791	-0.039090	
6626.027579	0.043225	
6626.029057	-0.032040	
6626.030842	0.028985	
6626.032337	-0.012064	
6626.034140	0.046121	
6626.035619	-0.035400	
6626.037390	0.037166	
6626.038886	-0.045523	
6626.040617	0.055914	
6626.042128	-0.046788	
6626.043869	0.067379	
6626.045395	-0.109211	
6626.047118	0.069208	
6626.048662	-0.076851	
6626.050386	0.084942	
6626.051930	-0.084070	
6626.053640	0.082964	
6626.055194	-0.104792	
6626.056870	0.093309	
6626.058441	-0.089786	
6626.060092	0.117028	
6626.061703	-0.089972	
6626.063360	0.087504	
6626.064952	-0.065072	
6626.066588	0.074674	
6626.068187	-0.078229	
6626.069816	0.109442	
6626.071470	-0.061632	
6626.073077	0.069800	
6626.074753	-0.032870	
6626.076338	0.050017	
6626.078008	-0.049374	
6626.079602	0.064486	
6626.081283	-0.037350	
6626.082851	0.026217	
6626.084573	0.008888	
6626.086114	0.068793	
6626.087810	-0.012543	
6626.089339	0.033134	
6626.091078	0.012751	
6626.092565	-0.074446	
6626.094129	-0.018122	
6626.095633	-0.032318	
6626.097211	0.041827	
6626.098768	-0.029378	
6626.100314	-0.021965	
6626.101900	-0.060758	
6626.103393	0.011280	
6626.105028	-0.052117	
6626.106558	-0.061471	
6626.108185	-0.017933	
6626.109707	-0.080706	
6626.111324	-0.018779	
6626.112811	-0.075510	
6626.114455	0.003630	
6626.115946	-0.067518	
6626.117683	0.025468	
6626.119171	-0.016451	
6626.120891	0.067270	
6626.122371	-0.070180	
6626.124085	0.056132	
6626.125569	-0.083373	
6626.127246	0.053263	
6626.128767	-0.068936	
6626.130417	0.045267	
6626.131968	-0.099474	
6626.133587	0.037263	
6626.135175	-0.081641	
6626.136753	0.039608	
6626.138350	-0.051767	
6626.139993	0.116963	
6626.141593	-0.065447	
6626.143243	0.082646	
6626.144867	-0.074994	
6626.146486	0.077143	
6626.148137	-0.069318	
6626.149734	0.060821	
6626.151420	-0.034929	
6626.153010	0.051664	
6626.154660	-0.027102	
6626.156237	0.017625	
6626.157933	-0.045511	
6626.159489	0.017649	
6626.161195	-0.053322	
6626.162743	0.000541	
6626.164443	0.010217	
6626.165961	0.042721	
6626.167702	0.004009	
6626.169183	0.026471	
6626.170941	0.046085	
6626.172427	0.000585	
6626.174190	0.033976	
6626.175668	-0.031891	
6626.177459	0.036071	
6626.178938	-0.056186	
6626.180701	0.051785	
6626.182198	-0.031267	
6626.183948	0.056317	
6626.185462	-0.042905	
6626.187217	0.090554	
6626.188737	-0.084408	
6626.190461	0.082187	
6626.191990	-0.066293	
6626.193705	0.061783	
6626.195254	-0.083764	
6626.196945	0.087214	
6626.198498	-0.086213	
6626.200163	0.084918	
6626.201749	-0.085931	
6626.203415	0.103577	
6626.205011	-0.080501	
6626.206674	0.085611	
6626.208267	-0.067320	
6626.209923	0.081760	
6626.211545	-0.079929	
6626.213173	0.075500	
6626.214829	-0.074801	
6626.216435	0.069864	
6626.218081	-0.048009	
6626.219663	0.079323	
6626.221315	-0.024346	
6626.222891	0.045251	
6626.224597	0.001354	
6626.226146	0.037899	
6626.227867	-0.021079	
6626.229416	0.031768	
6626.231121	-0.030876	
6626.232653	0.014112	
6626.234392	-0.003294	
6626.235891	-0.004458	
6626.237656	0.032026	
6626.239130	-0.021800	
6626.240908	0.021883	
6626.242390	0.019007	
6626.244170	0.013701	
6626.245652	-0.027807	
